0.48759210109710693
0.40332579612731934
0.34108713269233704
0.2904614806175232
0.25004202127456665
0.21808287501335144
0.1928156018257141
0.1714983433485031
0.15402227640151978
0.1396878957748413
0.12723885476589203
0.11682774126529694
0.10794530063867569
0.1001240611076355
0.0928911492228508
0.08780252933502197
0.08186011761426926
0.07661265134811401
0.0728662982583046
0.06990082561969757
0.06683765351772308
0.06423284858465195
0.060906242579221725
0.05814215540885925
0.05595105513930321
0.052326008677482605
0.04987415671348572
0.04769100621342659
0.04606488347053528
0.04480239748954773
0.04401158168911934
0.043555837124586105
0.04206486791372299
0.0406130887567997
0.03907893970608711
0.03788674995303154
0.03707042336463928
0.03654543310403824
0.036086391657590866
0.03549685329198837
0.035093553364276886
0.034880511462688446
0.035220611840486526
0.034929096698760986
0.032946936786174774
0.03202793374657631
0.03177822381258011
0.030601253733038902
0.030110761523246765
0.02981533482670784
