0.4854705333709717
0.3986915349960327
0.33319559693336487
0.28226444125175476
0.24127937853336334
0.2089655101299286
0.18311980366706848
0.1625092625617981
0.14493662118911743
0.13097675144672394
0.11905844509601593
0.10890575498342514
0.10005773603916168
0.09225735813379288
0.08607828617095947
0.07974288612604141
0.07497864216566086
0.07091264426708221
0.06701719015836716
0.06314776837825775
0.059092890471220016
0.05702637881040573
0.05409219488501549
0.05164388567209244
0.049026016145944595
0.04713504761457443
0.0455746129155159
0.044166214764118195
0.04311950504779816
0.04238494485616684
0.04115397855639458
0.0408189594745636
0.039090268313884735
0.03780819848179817
0.03687303140759468
0.03535746783018112
0.034670911729335785
0.033477459102869034
0.03235013037919998
0.03169577941298485
0.031492944806814194
0.031783055514097214
0.03217074275016785
0.03291618824005127
0.03104507364332676
0.030570657923817635
0.02872462384402752
0.027314914390444756
0.026451848447322845
0.026581749320030212
