0.4892549514770508
0.40771254897117615
0.3463470935821533
0.2980841398239136
0.26094499230384827
0.23032565414905548
0.20560471713542938
0.18506643176078796
0.16839557886123657
0.15371191501617432
0.14129650592803955
0.13116922974586487
0.12199711799621582
0.11400255560874939
0.10677159577608109
0.09988647699356079
0.09550511837005615
0.08956025540828705
0.08475600928068161
0.08040822297334671
0.07680249959230423
0.07354666292667389
0.07073444128036499
0.06760890781879425
0.06531975418329239
0.06346023082733154
0.06199909374117851
0.05989111214876175
0.05791270732879639
0.055530108511447906
0.05410090088844299
0.05241838097572327
0.0509917251765728
0.049432422965765
0.048059333115816116
0.04724471643567085
0.045904550701379776
0.045274026691913605
0.044218529015779495
0.0434541292488575
0.04293253645300865
0.04187684878706932
0.04119859263300896
0.04087191820144653
0.03995077311992645
0.03938857838511467
0.038847245275974274
0.038436222821474075
0.037577059119939804
0.03711408004164696
