0.001948129152879119
0.0020838920027017593
0.0019312999211251736
0.00987603235989809
0.0020415042527019978
0.0018776899669319391
0.0020526740700006485
0.001960308291018009
0.0021119725424796343
0.0017539206892251968
0.0020998867694288492
0.0017821189248934388
0.0020429249852895737
0.0018734345212578773
0.001679089618846774
0.002045648405328393
0.0017520979745313525
0.00186482525896281
0.0016505197854712605
0.0016917029861360788
0.001650768332183361
0.0017309845425188541
0.002318121027201414
0.0016085333190858364
0.0015935663832351565
0.0016364564653486013
0.0015882907900959253
0.0016423671040683985
0.0015812501078471541
0.003985110204666853
0.0017824695678427815
0.0014982715947553515
0.001618145382963121
0.00178362091537565
0.0018338172230869532
0.0015260780928656459
0.0015636399621143937
0.0015095664421096444
0.001713585457764566
0.0028862308245152235
0.0014835164183750749
0.0015068033244460821
0.0014462382532656193
0.001453164848499
0.0015819165855646133
0.0013336185365915298
0.0015362997073680162
0.0014858145732432604
0.0014509586617350578
0.0014244670746847987
0.012409445829689503
0.0014168156776577234
0.0014801560901105404
0.0014627287164330482
0.0013861383777111769
0.001350592472590506
0.0014261082978919148
0.0014215040719136596
0.0012917795684188604
0.0013497713953256607
0.002240956760942936
0.0014174656243994832
0.0014253045665100217
0.0014885454438626766
0.0012960070744156837
0.001375396503135562
0.001342611969448626
0.0014513861387968063
0.0012886987533420324
0.001397621468640864
0.0014320815680548549
0.0013404369819909334
0.001310304389335215
0.0014174317475408316
0.001285557635128498
0.0013155777705833316
0.0012854874366894364
0.0014907086733728647
0.0012656464241445065
0.0013041457859799266