0.23487617075443268
0.026785163208842278
0.01580706425011158
0.011658468283712864
0.008658434264361858
0.007791229989379644
0.006735358387231827
0.00611990736797452
0.005531733855605125
0.004687372595071793
0.004329206887632608
0.003981356509029865
0.004008125048130751
0.003944949712604284
0.00351357483305037
0.00367036578245461
0.0030230963602662086
0.00288322358392179
0.003763711079955101
0.0028341959696263075
0.002680721925571561
0.002708705607801676
0.002554691629484296
0.002533015562221408
0.0031164949759840965
0.002517740009352565
0.0024318424984812737
0.003091493621468544
0.0024616927839815617
0.0028558624908328056
0.002369002439081669
0.0023005930706858635
0.0021034677047282457
0.002608923939988017
0.0023292622063308954
0.0024319803342223167
0.002411851892247796
0.002374387113377452
0.002124265767633915
0.0020555586088448763
0.002232943894341588
0.0019365384941920638
0.0024634315632283688
0.0019488061079755425
0.0018243048107251525
0.002163912635296583
0.0022147358395159245
0.002225634176284075
0.002095424337312579
0.0017829019343480468
0.0016085562529042363
0.00262418738566339
0.002250480931252241
0.002134673297405243
0.001960489898920059
0.0017236479325219989
0.001695403945632279
0.0017511754995211959
0.0022592339664697647
0.001878236304037273
0.0017908111913129687
0.0018513769609853625
0.0016979235224425793
0.0018417161190882325
0.002050864277407527
0.0016233271453529596
0.0019449946703389287
0.002191587584093213
0.0017281934851780534
0.0016177379293367267
0.001477271318435669
0.001571353292092681
0.0019876109436154366
0.002244149800390005
0.001791781629435718
0.0015789043391123414
0.0015749717131257057
0.0017912511248141527
0.0016362954629585147
0.0014324388466775417
0.0018220780184492469
0.002163697499781847
0.001683903974480927
0.0018697524210438132
0.0015409337356686592
0.0014306434895843267
0.0013561791274696589
0.001331810373812914
0.0013159471563994884
0.0013073862064629793
0.0012989480746909976
0.0012931701494380832
0.0012838875409215689
0.0012908891076222062
0.0029597743414342403
0.0020595353562384844
0.0018613572465255857
0.0014064991846680641
0.0012996093137189746
0.0012759763048961759