1.9746204614639282
1.131902813911438
0.5816004276275635
0.31521233916282654
0.20181266963481903
0.14915421605110168
0.12058684974908829
0.10315686464309692
0.09163154661655426
0.08352792263031006
0.07752103358507156
0.07280316203832626
0.06874624639749527
0.06505285203456879
0.06198699772357941
0.05953773856163025
0.05817412585020065
0.056758854538202286
0.05666153132915497
0.056864235550165176
0.05939092859625816
0.059654682874679565
0.05994849279522896
0.061210017651319504
0.06335446238517761
0.06581856310367584
0.06642647832632065
0.07497160881757736
0.07103059440851212
0.07497501373291016
0.07126422971487045
0.07279176265001297
0.073744997382164
0.07201964408159256
0.07995914667844772
0.08392888307571411
0.08047887682914734
0.07893390208482742
0.07510343939065933
0.08904348313808441
0.0860646516084671
0.08419059216976166
0.08500975370407104
0.08451021462678909
0.08630358427762985
0.08602895587682724
0.08705518394708633
0.08816850185394287
0.08876636624336243
0.0897335633635521
0.09051513671875
0.0911826491355896
0.09191430360078812
0.09261485189199448
0.09322905540466309
0.09384314715862274
0.09447156637907028
0.09500638395547867
0.09557225555181503
0.09598079323768616
0.09656929224729538
0.09679118543863297
0.09756869822740555
0.09756173938512802
0.09845437109470367
0.09852661192417145
0.09941093623638153
0.09953686594963074
0.10043931752443314
0.10046789795160294
0.1013680249452591
0.10154423862695694
0.10217485576868057
0.10256081819534302
0.10283122211694717
0.10333496332168579
0.10361023992300034
0.1040635034441948
0.10434737056493759
0.1047842875123024
0.10508642345666885
0.10562437772750854
0.1059061735868454
0.10657515376806259
0.10677653551101685
0.1074945405125618
0.10767216235399246
0.10817502439022064
0.10853032022714615
0.10946545004844666
0.10940777510404587
0.10863392055034637
0.10828610509634018
0.10959719121456146
0.10913914442062378
0.11036381125450134
0.11061487346887589
0.1110180914402008
0.11143714189529419
0.11191734671592712
