0.036372244358062744
0.0352545827627182
0.034846000373363495
0.03329940140247345
0.03144454583525658
0.02983761578798294
0.02723064459860325
0.025719182565808296
0.023615805432200432
0.02189873903989792
0.019932184368371964
0.01642448455095291
0.01450601126998663
0.01240302249789238
0.010372217744588852
0.010812456719577312
0.010185357183218002
0.007899233140051365
0.006016248371452093
0.005447106435894966
0.003976346459239721
0.0042831674218177795
0.0040850150398910046
0.0037873347755521536
0.0030177971348166466
0.002767876023426652
0.002844300353899598
0.0018199521582573652
0.0018029973143711686
0.002834225306287408
0.0022304051090031862
0.002200091490522027
0.0017214567633345723
0.0016094841994345188
0.0013242324348539114
0.0008995611569844186
0.001730346935801208
0.0012853823136538267
0.0008647667127661407
0.0005211675888858736
0.0004389133246149868
0.00040479403105564415
0.00038044509710744023
0.00036085525061935186
0.0003428772324696183
0.00032763389754109085
0.00031259784009307623
0.0002976953110191971
0.000284206384094432
0.00027179435710422695
0.00025985631509684026
0.0002542256552260369
0.0002415170893073082
0.00023548737226519734
0.00022445245122071356
0.0002144452155334875
0.00020823981321882457
0.0002021326799876988
0.00019726986647583544
0.00018854661902878433
0.00018514764087740332
0.00018711159646045417
0.0002958975383080542
0.00020657926506828517
0.00017256570572499186
0.00015745233395136893
0.0001427240204066038
0.0001385682262480259
0.000142931574373506
0.0001452543365303427
0.000126177619677037
0.00011914709466509521
0.00012301953393034637
0.00011137290130136535
0.00010408906382508576
9.672742453403771e-05
9.359145042253658e-05
9.37475633691065e-05
9.812576900003478e-05
0.0002789570717141032
0.0001903201045934111
0.006505951751023531
0.011218131519854069
0.005240647587925196
0.003333516651764512
0.0016948358388617635
0.0019451264524832368
0.002278059022501111
0.0019134022295475006
0.001154877245426178
0.0016602453542873263
0.0016480349004268646
0.0015086286002770066
0.0007150471210479736
0.0011970964260399342
0.0006110364338383079
0.0005239908932708204
0.0008505811565555632
0.0005355071043595672
0.0003145228838548064