0.03637566789984703
0.03522225096821785
0.0348929688334465
0.03334108740091324
0.031752631068229675
0.029993660748004913
0.02833614870905876
0.02605261281132698
0.025019757449626923
0.022604644298553467
0.020528512075543404
0.01807061955332756
0.015521442517638206
0.013196912594139576
0.011036481708288193
0.0096580870449543
0.00827793125063181
0.007858436554670334
0.006901268847286701
0.0058967191725969315
0.005209281574934721
0.004751080647110939
0.004158534109592438
0.0031775685492902994
0.0027293504681438208
0.002673396607860923
0.002470906125381589
0.002335689030587673
0.002085383515805006
0.0023457205388695
0.0016460634069517255
0.0019493665313348174
0.0016082623042166233
0.0017416145419701934
0.00117879721801728
0.0016535752220079303
0.0014928987948223948
0.001502540078945458
0.0010197936790063977
0.0015239563072100282
0.002272451762109995
0.0016704305307939649
0.0010466668754816055
0.0008716330048628151
0.0010090823052451015
0.0009938941802829504
0.001035768655128777
0.0009246186818927526
0.00066603091545403
0.0006490356754511595
0.0014102553250268102
0.0009425589232705534
0.000821675406768918
0.0005358043126761913
0.00046481910976581275
0.0002910081238951534
0.00024927628692239523
0.00023039862571749836
0.000216145723243244
0.0002034231583820656
0.00019204552518203855
0.00018211342103313655
0.00017444453260395676
0.00016371547826565802
0.00015500660811085254
0.00014731955889146775
0.00013934419257566333
0.00013294587552081794
0.00012651746510528028
0.0001228891487699002
0.00012007075565634295
0.00011671027459669858
0.00011926405568374321
0.00014415006444323808
0.00010986023698933423
9.276135097024962e-05
9.594113362254575e-05
8.802462980384007e-05
0.00010201502300333232
0.0002212888066424057
0.00021100159210618585
0.00010487908002687618
0.00013253753422759473
0.00011161300062667578
7.019945041975006e-05
5.710194454877637e-05
5.129715646035038e-05
4.7282806917792186e-05
4.3859115976374596e-05
4.250678830430843e-05
4.232904393575154e-05
4.400774560053833e-05
4.036708196508698e-05
5.258001692709513e-05
6.746211874997243e-05
7.605384598718956e-05
0.00021964270854368806
6.611659046029672e-05
4.080681537743658e-05
3.541316618793644e-05