0.4740336537361145
0.3716278672218323
0.2993027865886688
0.24769511818885803
0.20663011074066162
0.17546911537647247
0.1521662324666977
0.13270077109336853
0.11789733171463013
0.1059974879026413
0.09613052755594254
0.08823792636394501
0.08166313171386719
0.07503734529018402
0.07004227489233017
0.06576337665319443
0.06196073442697525
0.05845492705702782
0.055480461567640305
0.05310025438666344
0.05123886466026306
0.04951328784227371
0.048166390508413315
0.05271938070654869
0.050237059593200684
0.04340681433677673
0.03968292847275734
0.037206634879112244
0.03566571697592735
0.03257237747311592
0.031355418264865875
0.0299934521317482
0.02915758267045021
0.02838592231273651
0.027673451229929924
0.02700662612915039
0.0263663399964571
0.025774748995900154
0.025244858115911484
0.024717895314097404
0.024224424734711647
0.023746421560645103
0.02332177199423313
0.022910749539732933
0.022522583603858948
0.02215821109712124
0.02180861122906208
0.021510139107704163
0.021186036989092827
0.02091182954609394
