0.21199196577072144
0.03628192096948624
0.022351499646902084
0.016645172610878944
0.013265399262309074
0.010926601476967335
0.009397156536579132
0.008035656064748764
0.007297934032976627
0.006348771043121815
0.0056547303684055805
0.005235984455794096
0.004832257982343435
0.00439970288425684
0.004454920068383217
0.004049426410347223
0.003681699512526393
0.0037473072297871113
0.003527536056935787
0.003355152439326048
0.0034528274554759264
0.003240295685827732
0.003170666052028537
0.003150471020489931
0.00299243931658566
0.0028299575205892324
0.0029654670506715775
0.0028774619568139315
0.0031293376814574003
0.0027125494088977575
0.0024747787974774837
0.0027936154510825872
0.0022727246396243572
0.002431420609354973
0.002597982296720147
0.0024501015432178974
0.0025897265877574682
0.0024763194378465414
0.0025441173929721117
0.00230370438657701
0.0022127809934318066
0.0023702061735093594
0.002566414885222912
0.002174190478399396
0.0023785990197211504
0.002019006060436368
0.0021699010394513607
0.0024763871915638447
0.0020535611547529697
0.0021192121785134077
0.0020778768230229616
0.0021532117389142513
0.0020210077054798603
0.002166986931115389
0.0021603568457067013
0.0020580790005624294
0.0018440670100972056
0.0019521755166351795
0.002072027185931802
0.0021132798865437508
0.0020124136935919523
0.0018512018723413348
0.002116897376254201
0.001776543096639216
0.0019888966344296932
0.0021026155445724726
0.0017575961537659168
0.0020244717597961426
0.0018375194631516933
0.0016628874000161886
0.0021526706404983997
0.001971591729670763
0.0019000936299562454
0.001673574442975223
0.001984793459996581
0.0015678162453696132
0.0014416195917874575
0.001411133212968707
0.0013964419486001134
0.001380177098326385
0.0013679570984095335
0.0013589630834758282
0.002891468582674861
0.002250642515718937
0.0018050280632451177
0.001861984608694911
0.0014940628316253424
0.0014754519797861576
0.001901524607092142
0.0018413325306028128
0.001572470529936254
0.001710777054540813
0.001775615382939577
0.001493828254751861
0.0013660810654982924
0.0013170503079891205
0.0013016226002946496
0.0012914587277919054
0.0014344751834869385
0.0028603991959244013