0.2811006009578705
0.0244614128023386
0.015252280980348587
0.011797497980296612
0.009314962662756443
0.007349502760916948
0.006259296555072069
0.005965670105069876
0.005132161546498537
0.004906592890620232
0.004449915606528521
0.004259306471794844
0.003789367154240608
0.0039537763223052025
0.003354907501488924
0.0037796979304403067
0.0030606018844991922
0.0029657469131052494
0.0029393911827355623
0.003093140199780464
0.2811006009578705
0.0244614128023386
0.015252280980348587
0.011797497980296612
0.009314962662756443
0.007349502760916948
0.006259296555072069
0.005965670105069876
0.005132161546498537
0.004906592890620232
0.004449915606528521
0.004259306471794844
0.003789367154240608
0.0039537763223052025
0.003354907501488924
0.0037796979304403067
0.0030606018844991922
0.0029657469131052494
0.0029393911827355623
0.003093140199780464