0.6707584261894226
0.050519753247499466
0.04756084084510803
0.04691978171467781
0.04657481238245964
0.04623204097151756
0.0459650419652462
0.045165035873651505
0.04390840232372284
0.042867254465818405
0.04216465726494789
0.04130614548921585
0.04169900342822075
0.040740929543972015
0.041536737233400345
0.040592439472675323
0.03981319069862366
0.040606141090393066
0.04011689871549606
0.0392637625336647
0.04008793458342552
0.04006192088127136
0.04034873843193054
0.038988519459962845
0.039223384112119675
0.0383976548910141
0.03909406065940857
0.04093453288078308
0.041153084486722946
0.04178061708807945
0.03930656984448433
0.04148873686790466
0.0425439178943634
0.040811508893966675
0.04439469799399376
0.04639507085084915
0.04608726128935814
0.044023364782333374
0.049210090190172195
0.051494210958480835
0.0515391007065773
0.05553504824638367
0.05838671326637268
0.05720774829387665
0.05544883385300636
0.06620384007692337
0.05990668386220932
0.06809574365615845
0.06673415005207062
0.06004425138235092
0.06709522753953934
0.07594615966081619
0.07102379947900772
0.06618655472993851
0.07477722316980362
0.07570789009332657
0.08857004344463348
0.07674815505743027
0.08633367717266083
0.08676514029502869
0.10340235382318497
0.09887879341840744
0.09739705920219421
0.09884069114923477
0.09229841083288193
0.09120328724384308
0.09748496860265732
0.09570314735174179
0.08927428722381592
0.10249033570289612
0.10959639400243759
0.11086759716272354
0.11140034347772598
0.11508156359195709
0.10341399908065796
0.09948434680700302
0.10626360028982162
0.10383305698633194
0.1098879799246788
0.11189684271812439
0.11036588996648788
0.10515658557415009
0.11045259237289429
0.10953567177057266
0.09724808484315872
0.10508541017770767
0.10401955246925354
0.11131291836500168
0.1171487495303154
0.10259556025266647
0.11085695028305054
0.10624205321073532
0.0996692031621933
0.10999318212270737
0.09530072659254074
0.11292745918035507
0.10584033280611038
0.09726064652204514
0.10642430931329727
0.11188355088233948
