0.4911954700946808
0.4095158874988556
0.3493501842021942
0.3021724820137024
0.264615535736084
0.23450195789337158
0.21046586334705353
0.190800741314888
0.17457742989063263
0.161388099193573
0.1503840684890747
0.14007286727428436
0.1309824138879776
0.12181500345468521
0.11482523381710052
0.1083090677857399
0.10240664333105087
0.09759099781513214
0.09405171871185303
0.09138345718383789
0.08847658336162567
0.0843702107667923
0.07949766516685486
0.0764845460653305
0.07422693818807602
0.07249712944030762
0.07034124433994293
0.0684666782617569
0.0664893165230751
0.06558268517255783
0.06435878574848175
0.06267526000738144
0.06081867963075638
0.058994367718696594
0.0579904206097126
0.05708146095275879
0.05649441108107567
0.055156201124191284
0.05406296253204346
0.05297156423330307
0.05286578834056854
0.05186140537261963
0.05094936490058899
0.050155021250247955
0.0496167317032814
0.04888954386115074
0.04823724925518036
0.04787711799144745
0.04675407335162163
0.04672212526202202
