0.03647129237651825
0.015612855553627014
0.012149804271757603
0.02043880708515644
0.008459527976810932
0.007918807677924633
0.004535942804068327
0.0033917573746293783
0.0036334905307739973
0.0037105244118720293
0.004250170197337866
0.002596326405182481
0.0026967432349920273
0.0022748576011508703
0.005688033532351255
0.0022216234356164932
0.0023870847653597593
0.0021498880814760923
0.002284009475260973
0.0020238591823726892
0.002946162596344948
0.002040252787992358
0.0025408552028238773
0.0019552770536392927
0.0043176389299333096
0.0019681730773299932
0.0033135218545794487
0.001964712981134653
0.001879911171272397
0.002192095620557666
0.001846812549047172
0.003560096025466919
0.0019579094368964434
0.001825025537982583
0.001885301899164915
0.0017307806992903352
0.0017388983396813273
0.0017506881849840283
0.0017133108340203762
0.0017305199289694428
0.0016737435944378376
0.0016858644085004926
0.0016195661155506968
0.0019169501028954983
0.0016592886531725526
0.0016155827324837446
0.0016816859133541584
0.0017361065838485956
0.0019338742131367326
0.0016649250173941255
0.001615352462977171
0.0015573065029457211
0.001473375130444765
0.0017288480885326862
0.001578713534399867
0.0015896543627604842
0.002517192391678691
0.0016209945315495133
0.0014620934380218387
0.003771525342017412
0.0016843480989336967
0.0021055114921182394
0.0015211330028250813
0.005323529243469238
0.001944079645909369
0.0016261201817542315
0.0016279309056699276
0.0014846862759441137
0.0014741644263267517
0.0014204502804204822
0.001442279084585607
0.0026090634055435658
0.0016280427807942033
0.0015249650459736586
0.001475488767027855
0.0014467255678027868
0.0015297859208658338
0.001392968581058085
0.0013688057661056519
0.001430331263691187
0.001290655811317265
0.0014706418151035905
0.0013979197246953845
0.0013452739221975207
0.0013435056898742914
0.001308476086705923
0.002223432529717684
0.0014846056001260877
0.001385988318361342
0.001388605567626655
0.001335837529040873
0.0013097500195726752
0.0013000174658372998
0.0013595615746453404
0.0012319317320361733
0.00127469003200531
0.0014458148507401347
0.0013226857408881187
0.0014529882464557886
0.001340607414022088