0.2811006009578705
0.0244614128023386
0.015252280980348587
0.011797497980296612
0.009314962662756443
0.007349502760916948
0.006259296555072069
0.005965670105069876
0.005132161546498537
0.004906592890620232
0.004449915606528521
0.004259306471794844
0.003789367154240608
0.0039537763223052025
0.003354907501488924
0.0037796979304403067
0.0030606018844991922
0.0029657469131052494
0.0029393911827355623
0.003093140199780464
0.0038197117391973734
0.0026093574706465006
0.002636656165122986
0.0025947378017008305
0.002753567649051547
0.00257291947491467
0.002996656112372875
0.0026282297912985086
0.0023650238290429115
0.002876026788726449
0.002318992977961898
0.0025193991605192423
0.0023801829665899277
0.00220491667278111
0.0026446375995874405
0.002470038365572691
0.0020658550783991814
0.0021196764428168535
0.0020691039972007275
0.002111811423674226
0.0026877017226070166
0.0020245786290615797
0.0020358420442789793
0.002185900928452611
0.0022677951492369175
0.00211731786839664
0.0021241125650703907
0.002109711989760399
0.001922053867019713
0.002009302843362093
0.001990576507523656
0.002244149101898074
0.0016866653459146619
0.0021668453700840473
0.001987005118280649
0.0018568749073892832
0.001998325577005744
0.00216861953958869
0.0018011584179475904
0.0017518774839118123
0.0019430158426985145
0.002308240858837962
0.0017459382070228457
0.0016886452212929726
0.0018991039833053946
0.0023700869642198086
0.0017755507724359632
0.001545898150652647
0.001959085464477539
0.0021266574040055275
0.0016997260972857475
0.0014819120988249779
0.001520197605714202
0.002300967462360859
0.0017992564244195819
0.001858062227256596
0.0018720414955168962
0.0016007906524464488
0.0016046128002926707
0.0017445966368541121
0.0018157574813812971
0.0015434847446158528
0.0017098098760470748
0.0018404115689918399
0.0017752693966031075
0.0015004819724708796
0.0015225090319290757
0.0017618441488593817
0.0016657010419294238
0.0018636141903698444
0.0016934882150962949
0.0014126263558864594
0.0013727005571126938
0.001342565519735217
0.0020265330094844103
0.002065775915980339
0.0015461459988728166
0.001478724298067391
0.0014452228788286448
0.0016124122776091099