0.8091214299201965
0.8527577519416809
0.8228948712348938
0.8447443842887878
0.8649862408638
0.8460137248039246
0.7235022783279419
0.8300990462303162
0.6366029381752014
0.8517277240753174
0.9236250519752502
0.7309269309043884
0.8065199851989746
0.7054703235626221
0.8518454432487488
0.8782703280448914
0.8985368609428406
0.6135067939758301
0.6490437388420105
0.7399792075157166
0.8399857878684998
0.8645377159118652
0.8504396080970764
0.8645188808441162
0.8748940229415894
0.8636345863342285
0.8824701905250549
0.5713019967079163
0.6982120871543884
0.6675346493721008
0.9031436443328857
0.8115172982215881
0.7219823002815247
0.869077205657959
0.8324013948440552
0.8810375928878784
0.6949570775032043
0.903420090675354
0.8748900294303894
0.7619246244430542
0.6678056120872498
0.8894471526145935
0.8075807690620422
0.8758533000946045
0.9151718616485596
0.9081372618675232
0.8045654296875
0.8093831539154053
0.8815488815307617
0.802789568901062
0.8615235686302185
0.8044177889823914
0.8913121819496155
0.8510581851005554
0.7557380795478821
0.8098002672195435
0.7124344110488892
0.6995573043823242
0.6715920567512512
0.6807181239128113
0.7997913360595703
0.8169954419136047
0.8259839415550232
0.7535613775253296
0.8355023264884949
0.8213299512863159
0.7427850365638733
0.8419674634933472
0.80436772108078
0.7751439213752747
0.9066334962844849
0.6625614166259766
0.8865576386451721
0.8183218836784363
0.886249840259552
0.8204140663146973
0.8903464674949646
0.8511621952056885
0.8078287243843079
0.7227199673652649
0.8716244101524353
0.8543762564659119
0.8611702919006348
0.8088393807411194
0.7451030015945435
0.7458925843238831
0.892307698726654
0.8487394452095032
0.8562556505203247
0.8792986273765564
0.8539817929267883
0.8134713172912598
0.8270853757858276
0.7582845091819763
0.9092507362365723
0.7889465689659119
0.8417568802833557
0.8427180051803589
0.8492928147315979
0.8528220653533936
0.8361777663230896
0.9230254292488098
0.7845615148544312
0.8790544867515564
0.7848659157752991
0.8598130941390991
0.8689470887184143
0.8366305828094482
0.8401552438735962
0.7448747754096985
0.8056730031967163
0.811168909072876
0.773749589920044
0.8286409974098206
0.8473787307739258
0.6027255058288574
0.8407130241394043
0.8232432007789612
0.8235847353935242
0.8138975501060486
0.7311751842498779
0.8130403757095337
0.8528610467910767
0.746933102607727
0.8721679449081421
0.8440561890602112
0.8507749438285828
0.8826678991317749
0.7425232529640198
0.8116523623466492
0.900482177734375
0.8682163953781128
0.8672299385070801
0.8591515421867371
0.8307593464851379
0.8574504256248474
0.7645930647850037
0.8030073642730713
0.5863776803016663
0.7479992508888245
0.7778913378715515
0.8712031245231628
0.7847049832344055
0.899939239025116
0.8149759769439697
0.6619074940681458
0.6905194520950317
0.8282585144042969
0.8338011503219604
0.7332839965820312
0.8008924722671509
0.8439245223999023
0.881298303604126
0.8853042721748352
0.7241581082344055
0.8814027309417725
0.8673439621925354
0.7325760722160339
0.8254848122596741
0.9229217767715454
0.8488927483558655
0.8902628421783447
0.7211649417877197
0.8529174327850342
0.8181861042976379
0.8285901546478271
0.8894656300544739
0.8793630599975586
0.8260052800178528
0.876802384853363
0.8796539306640625
0.6178377270698547
0.8468082547187805
0.7889276146888733
0.7124249935150146
0.8535354137420654
0.6072232723236084
0.7328543066978455
0.8524554371833801
0.8029174208641052
0.794729471206665
0.777800977230072
0.8133828639984131
0.8980025053024292
0.8893319368362427
0.8906224370002747
0.8755193948745728
0.8523140549659729
0.8119819164276123
0.8457792401313782
0.8904497623443604
0.7988398671150208
0.8873711228370667
0.8692907094955444
0.8217566609382629
0.807849109172821
0.6246744394302368
0.8756833672523499
0.8661221265792847
0.8906882405281067
