0.9294218420982361
0.9825783371925354
0.9709794521331787
0.9862174391746521
0.9845222234725952
0.9841930866241455
0.854242742061615
0.9740506410598755
0.9867734909057617
0.9358612895011902
0.8274648189544678
0.9833394885063171
0.9341318011283875
0.8143759965896606
0.9869095087051392
0.8892809748649597
0.9925803542137146
0.794174075126648
0.8015218377113342
0.98066645860672
0.987332284450531
0.9779558777809143
0.9418195486068726
0.9804878234863281
0.9833670854568481
0.80840665102005
0.9864107966423035
0.971925675868988
0.5900160670280457
0.9874709844589233
0.7506924867630005
0.9850745797157288
0.9739243984222412
0.9873932003974915
0.9866666197776794
0.71484375
0.9035796523094177
0.9818934202194214
0.9860847592353821
0.9896579384803772
0.984552800655365
0.6023131608963013
0.9848484992980957
0.9613558650016785
0.9791516661643982
0.570100724697113
0.6829408407211304
0.8477690815925598
0.9928264617919922
0.5956656336784363
0.6550819873809814
0.9842696189880371
0.9794642925262451
0.9853928089141846
0.9742045998573303
0.9877206683158875
0.9944547414779663
0.9815831780433655
0.9927508234977722
0.8158590197563171
0.9571243524551392
0.6238881945610046
0.9471502900123596
0.9859155416488647
0.9874672293663025
0.893379807472229
0.9809069037437439
0.885496199131012
0.9801067113876343
0.776481568813324
0.9897210001945496
0.9794050455093384
0.9918138980865479
0.5523946285247803
0.9787541031837463
0.9087914824485779
0.9901547431945801
0.9792163968086243
0.5991348028182983
0.9824687242507935
0.9670503735542297
0.9681245684623718
0.721439003944397
0.9780936241149902
0.9883670806884766
0.988235354423523
0.9738510847091675
0.914371907711029
0.7524272203445435
0.9222053289413452
0.9813939332962036
0.9812353253364563
0.9767904877662659
0.9701845645904541
0.9856235384941101
0.9343340396881104
0.9860805869102478
0.9626068472862244
0.8609000444412231
0.9845837354660034
0.9895178079605103
0.9958275556564331
0.9848484396934509
0.9885057806968689
0.9618151187896729
0.4725317060947418
0.9910873770713806
0.7456389665603638
0.980193018913269
0.9873718023300171
0.9820585250854492
0.7002028822898865
0.8882409930229187
0.7637969255447388
0.8863049149513245
0.9794520735740662
0.8933143615722656
0.9917808175086975
0.8968803882598877
0.5634000897407532
0.9845225214958191
0.9896034002304077
0.6064673662185669
0.9890710711479187
0.9864911437034607
0.9436575770378113
0.7744240760803223
0.8220775127410889
0.9041386246681213
0.9722627401351929
0.052059054374694824
0.6756514310836792
0.9797530770301819
0.8339453339576721
0.5984895825386047
0.9865748286247253
0.5073891282081604
0.9844458699226379
0.9760000109672546
0.9919354319572449
0.49956411123275757
0.9754002094268799
0.6433515548706055
0.918185293674469
0.9892271757125854
0.6908706426620483
0.9716840982437134
0.9937469959259033
0.9223628044128418
0.6393377780914307
0.9566948413848877
0.9901873469352722
0.8960948586463928
0.9903753399848938
0.4893699288368225
0.9761905074119568
0.6280918717384338
0.9902912378311157
0.9946169257164001
0.9740387201309204
0.8590604066848755
0.9419657588005066
0.8545595407485962
0.9784547090530396
0.8282668590545654
0.6167986989021301
0.9880028367042542
0.8649453520774841
0.980891764163971
0.9871794581413269
0.987186074256897
0.8660173416137695
0.9853044152259827
0.6163982152938843
0.9840870499610901
0.832504153251648
0.9765217304229736
0.9715489745140076
0.9805448055267334
0.9899837970733643
0.9891486167907715
0.8251516819000244
0.9689894914627075
0.801150918006897
0.9854497313499451
0.8225108981132507
0.9819743037223816
0.9858864545822144
0.824401319026947
0.5470994710922241
0.9720101952552795
0.9778811931610107
0.9765684008598328
0.9837837815284729
0.9809286594390869
0.9813417792320251
0.9831849932670593
0.9803078770637512
0.9770992398262024
0.8322147130966187
0.9874396324157715
0.7188581824302673
0.981589138507843
0.9939256310462952
0.34002041816711426
0.30449068546295166
0.9866666197776794
0.5862206220626831
0.9581632614135742
0.9895632266998291
0.9881040453910828
0.7444108724594116
0.9870525598526001
0.9882603287696838
0.9536764621734619
0.9272080063819885
0.9890943765640259
0.9670658707618713
0.5803773403167725
0.9873278141021729
0.7511439323425293
0.9783408641815186
0.9909197688102722
0.977357029914856
0.3283821940422058
0.9533302783966064
0.9208168387413025
0.9863234162330627
0.976076602935791
0.9881832003593445
0.9914304614067078
0.9827255010604858
0.8956884145736694
0.8310567736625671
0.7134628891944885
0.9825360774993896
0.8806517720222473
0.9750105738639832
0.9952635169029236
0.9859291315078735
0.981627345085144
0.9876456260681152
0.980631947517395
0.9513192772865295
0.9746793508529663
0.8496993780136108
0.7556540966033936
0.9881720542907715
0.9830747246742249
0.98247891664505
0.8507503867149353
0.9885692596435547
0.9907452464103699
0.9884368181228638
0.9708830118179321
0.9475163817405701
0.9861472249031067
0.9873284101486206
0.9361364841461182
0.9872798323631287
0.6191889643669128
0.9611111283302307
0.989276111125946
0.557786226272583
0.9468405246734619
0.963829755783081
0.988636314868927
0.8068546652793884
0.9934162497520447
0.983430027961731
0.6684532761573792
0.759036123752594
0.5272945761680603
0.7818658947944641
0.9947826266288757
0.9797297120094299
0.9782708883285522
0.6311286687850952
0.4951801002025604
0.6657487154006958
0.9853211045265198
0.9830065369606018
0.9793899059295654
0.990515410900116
0.4957125186920166
0.9779626131057739
0.8784696459770203
0.9869110584259033
0.9724880456924438
0.9812332987785339
0.9870564341545105
0.864536702632904
0.7596116065979004
0.9818182587623596
0.9875950813293457
0.9429114460945129
0.9744707942008972
0.9871336817741394
0.9144954085350037
0.6260727643966675
0.9913448691368103
0.965542733669281
0.9422407150268555
0.9815999865531921
0.8159509301185608
0.994166374206543
0.835146427154541
0.9075316190719604
0.6480659246444702
0.9866138100624084
0.9818481802940369
0.9894290566444397
0.5940199494361877
0.9840603470802307
0.9878763556480408
0.9393701553344727
0.7799340486526489
0.9615229368209839
0.9867172241210938
0.9903623461723328
0.9816849231719971
0.9821428656578064
0.9827710390090942
0.964259147644043
0.9550858736038208
0.9229756593704224
0.9922308921813965
0.9670731425285339
0.8335429430007935
0.7276472449302673
0.9798045754432678
0.9815441966056824
0.7792985439300537
0.7506103515625
0.9835945963859558
0.9857029318809509
0.9863216876983643
0.9597249627113342
0.9919162392616272
0.9903287887573242
0.6109620928764343
0.5847861170768738
0.982332170009613
0.9852676391601562
0.9900535941123962
0.4149789810180664
0.9892622828483582
0.9816986918449402
0.9534610509872437
0.9803086519241333
0.9891263246536255
0.37835535407066345
0.9804700613021851
0.971588671207428
0.4727780520915985
0.8558111190795898
0.950819730758667
0.5332568883895874
0.7639188170433044
0.9745115041732788
0.6392486691474915
0.961176872253418
0.6863289475440979
0.9887546896934509
0.7373901605606079
0.9796557426452637
0.9686963558197021
0.7306311130523682
0.982332170009613
0.8350278735160828
0.9903100728988647
0.819365382194519
0.9841121435165405
0.8242790699005127
0.9867647290229797
0.5760869383811951
0.9325283765792847
0.6712062358856201
0.8204946517944336
0.9939842820167542
0.9925037026405334
0.9906479716300964
0.9720279574394226
0.10901749134063721
0.9843675494194031
0.9890335202217102
0.9891340136528015
0.9908629655838013
0.9875706434249878
0.7600950002670288
0.9933333396911621
0.696803629398346
0.9872309565544128
0.9910529851913452
0.9848023653030396
0.8027597665786743
0.9878696203231812
0.9832985401153564
0.7000731825828552
0.9790675640106201
0.691474974155426
0.9777237772941589
0.933425784111023
0.6015228629112244
0.9884259700775146
0.632472813129425
0.986760139465332
0.7935956120491028
0.8619091510772705
0.9612736701965332
0.41543513536453247
0.9858569502830505
0.6863226890563965
0.9829185009002686
0.8404516577720642
0.5629032850265503
0.9783810973167419
0.8419753313064575
0.993459939956665
0.9806020855903625
0.9864048361778259
0.7816672921180725
0.37787356972694397
0.9884121417999268
0.9849749803543091
0.6991492509841919
0.9721964597702026
0.985528290271759
0.5407214760780334
0.8126582503318787
0.7805255055427551
0.9814302325248718
0.987792432308197
0.8662711381912231
0.9235720038414001
0.974496603012085
0.9536058306694031
0.8639398813247681
0.9050365686416626
0.5171137452125549
0.9926958680152893
0.8579577803611755
0.9906323552131653
0.9165303111076355
0.9884415864944458
0.9889816045761108
0.9876812100410461
0.6404040455818176
0.9863795042037964
0.9855326414108276
0.7619442939758301
0.5992447137832642
0.9771198034286499
0.9860896468162537
0.9781293272972107
0.8098159432411194
0.8131600618362427
0.9731892347335815
0.8806029558181763
0.8631699085235596
0.9877181649208069
0.390559583902359
0.9760764837265015
0.6116464138031006
0.9847539663314819
0.9724113941192627
0.5647866129875183
0.8301886916160583
0.9921634793281555
0.9821150898933411
0.972483217716217
0.7201138734817505
0.7298787236213684
0.5895879864692688
0.9835294485092163
0.9860140085220337
0.8136106133460999
0.9870012998580933
0.9817501306533813
0.9878048300743103
0.9670421481132507
0.9855453372001648
0.978821337223053
0.9474273324012756
0.5029469728469849
0.9175494909286499
0.7944371700286865
0.9171047806739807
0.9836683869361877
0.9838461875915527
0.9916229844093323
0.5446622967720032
0.7092198729515076
0.9886893033981323
0.9817098379135132
0.9923150539398193
0.9795728921890259
0.9852398037910461
0.9353964328765869
0.8770865201950073
0.9762712121009827
0.1802067905664444
0.9966062903404236
0.9181308746337891
0.6454018354415894
0.9422222375869751
0.9476885795593262
0.9957671165466309
0.8993074297904968
0.8868541121482849
0.9862306118011475
0.6594715714454651
0.9864065051078796
0.8425196409225464
0.26367461681365967
0.9875489473342896
0.9778295755386353
0.987800121307373
0.8063047528266907
0.7458213567733765
0.9858406782150269
0.8783029317855835
0.9851787090301514
0.9896091222763062
0.9906778931617737
0.85704106092453
0.9886220097541809
0.9732183218002319
0.9905454516410828
0.9726725220680237
0.9676305055618286
0.9843686819076538
0.9787233471870422
0.988472580909729
0.971875011920929
0.9818181991577148
0.42603549361228943
0.9533547163009644
0.5284423232078552
0.8254810571670532
0.9873125553131104
0.6478209495544434
0.9663686752319336
0.7049549221992493
0.991191029548645
0.9798657298088074
0.9284239411354065
0.9240978956222534
0.8039292693138123
0.059065934270620346
0.8430193662643433
0.8011898994445801
0.9804051518440247
0.9666119813919067
0.9893767237663269
0.8529411554336548
0.9757100939750671
0.6075433492660522
0.9829181432723999
0.656333863735199
0.6462358832359314
0.9092164039611816
0.9843137860298157
0.9921733736991882
0.9829829931259155
0.9888558387756348
0.9884678721427917
0.9898753762245178
0.7440615892410278
0.9848589301109314
0.9811190962791443
0.9910233020782471
0.975683867931366
0.9905561208724976
0.6344310641288757
0.9710981845855713
0.9804118871688843
0.6711018085479736
0.8097301125526428
0.9069844484329224
0.9830995798110962
0.9436101913452148
0.9143235683441162
0.9840750694274902
0.9823529720306396
0.6919304728507996
0.6989079713821411
0.6981948614120483
0.9848564267158508
0.9772496223449707
0.9835689067840576
0.97883141040802
0.9835671782493591
0.9872753620147705
0.9335348010063171
0.826103925704956
0.9314182996749878
0.9902152419090271
0.9502201676368713
0.9017951488494873
0.9311475157737732
0.973118245601654
0.7763049006462097
0.987540066242218
0.9898332953453064
0.69340580701828
0.8698390126228333
0.9737991094589233
0.9052631855010986
0.5804010629653931
0.9431138038635254
0.6825507879257202
0.9860056042671204
0.7619855999946594
0.9825389385223389
0.9847266674041748
0.6211180090904236
0.9654611349105835
0.6753554344177246
0.8533928990364075
0.9913875460624695
0.9890195727348328
0.9822940826416016
0.9761804938316345
0.83774733543396
0.9805825352668762
0.9790145754814148
0.9939637780189514
0.9906407594680786
0.0
0.8460900783538818
0.8697524666786194
0.9921818971633911
0.5883347988128662
0.6525680422782898
0.7820069193840027
0.9798783659934998
0.8110882639884949
0.7579092979431152
0.9896008372306824
0.9756757020950317
0.9726811051368713
0.991603434085846
0.9831507802009583
0.9721921682357788
0.9858012199401855
0.6498423218727112
0.9849874973297119
0.9935865998268127
0.9845666289329529
0.6653110980987549
0.9433669447898865
0.984813928604126
0.9903358817100525
0.8969292044639587
0.987984836101532
0.9855685234069824
0.80970299243927
0.905464768409729
0.339363694190979
0.9767616391181946
0.8859209418296814
0.6557502150535583
0.9891085028648376
0.9751602411270142
0.9033591151237488
0.8724340796470642
0.5421270132064819
0.9802563190460205
0.948775053024292
0.9772612452507019
0.9927849769592285
0.9921671152114868
0.9889775514602661
0.9839773178100586
0.9890486598014832
0.12256880849599838
0.9761793613433838
0.9677083492279053
0.9744256734848022
0.9750398993492126
0.826909601688385
0.8428990244865417
0.9852814078330994
0.9470269680023193
0.9892026782035828
0.9917754530906677
0.8227848410606384
0.9795332551002502
0.9599332213401794
0.978723406791687
0.2393069714307785
0.9843999147415161
0.9757113456726074
0.9740840196609497
0.9839439988136292
0.6258680820465088
0.9849108457565308
0.84555983543396
0.9783516526222229
0.8491406440734863
0.9824561476707458
0.5034924745559692
0.9751078486442566
0.9717159271240234
0.5453481674194336
0.7529118061065674
0.9811320900917053
0.9760416746139526
0.826150119304657
0.9389018416404724
0.9802677631378174
0.9713375568389893
0.9900771975517273
0.8105308413505554
0.6523668169975281
0.980088472366333
0.9783923625946045
0.7627702951431274
0.9921752214431763
0.8947368264198303
0.9880191087722778
0.959783136844635
0.9898498058319092
0.9770656824111938
0.9718785881996155
0.87876957654953
0.9855072498321533
0.99542236328125
0.9689542055130005
0.5511931777000427
0.5896927714347839
0.8225075602531433
0.9854944944381714
0.9873126149177551
0.7107258439064026
0.8104912638664246
0.9605015516281128
0.7667757272720337
0.9434801936149597
0.8497018814086914
0.5782092213630676
0.8309805393218994
0.9657615423202515
0.8896578550338745
0.9804832935333252
0.9798129200935364
0.9740714430809021
0.9865772128105164
0.9856153726577759
0.9808394312858582
0.9597128033638
0.9920494556427002
0.8787128329277039
0.9864586591720581
0.9838314056396484
0.9930265545845032
0.9851253628730774
0.5129891633987427
0.9707645773887634
0.9796512126922607
0.9725490212440491
0.37617552280426025
0.9608227014541626
0.9820051193237305
0.9728930592536926
0.9920949339866638
0.986505389213562
0.9828693866729736
0.9882194399833679
0.7468531131744385
0.9855684041976929
0.9695315957069397
0.8765432238578796
0.9841827750205994
0.927762508392334
0.978624165058136
0.8198665380477905
0.21148036420345306
0.9911575317382812
0.9896512031555176
0.9860863089561462
0.9268656969070435
0.9895666241645813
0.9838630557060242
0.985456109046936
0.9849785566329956
0.9808074831962585
0.4949919581413269
0.9864141941070557
0.9856460094451904
0.9895064234733582
0.9885137677192688
0.37094834446907043
0.6720613241195679
0.7541463375091553
0.6637700200080872
0.9893180131912231
0.9900900721549988
0.8543524742126465
0.9841269850730896
0.984192967414856
0.9892240762710571
0.9896193742752075
0.9870455265045166
0.9681676626205444
0.9855073094367981
0.47837600111961365
0.9873039722442627
0.9877112507820129
0.7385416626930237
0.8559108972549438
0.9870654344558716
0.894834578037262
0.6702979803085327
0.9964157342910767
0.9912415742874146
0.9681335091590881
0.9896566271781921
0.9742470383644104
0.9713926315307617
0.822429895401001
0.9853658080101013
0.9914701581001282
0.9703670740127563
0.9722222089767456
0.9508644342422485
0.6757071614265442
0.9503976106643677
0.882300853729248
0.8876933455467224
0.9846317172050476
0.9324758648872375
0.7814379334449768
0.9799825549125671
0.751193642616272
0.9835907816886902
0.5404871702194214
0.9082092046737671
0.9887640476226807
0.9846625328063965
0.9844082593917847
0.9893238544464111
0.7634710073471069
0.9154818654060364
0.9879781603813171
0.9026845693588257
0.9823423027992249
0.9557522535324097
0.8812438249588013
0.9827987551689148
0.5714285969734192
0.9885961413383484
0.6208808422088623
0.9832113981246948
0.9797078371047974
0.7618586421012878
0.7261016368865967
0.5856767892837524
0.73369300365448
0.9523369073867798
0.9498746991157532
0.9882444739341736
0.8303053379058838
0.6357986330986023
0.6347540616989136
0.9900406002998352
0.98663330078125
0.7023435235023499
0.7482571005821228
0.9846614003181458
0.9791759252548218
0.6888059973716736
0.7286652326583862
0.982104480266571
0.8243478536605835
0.9665831327438354
0.9503649473190308
0.981255054473877
0.9889775514602661
0.7613168358802795
0.9916286468505859
0.8387097120285034
0.8154761791229248
0.9716981649398804
0.9840921759605408
0.6208633184432983
0.45950236916542053
0.9872307181358337
0.9825308322906494
0.761052668094635
0.9923218488693237
0.9885957837104797
0.9905571937561035
0.9631999135017395
0.7632653117179871
0.9822179079055786
0.9873204231262207
0.9138576984405518
0.8031306862831116
0.9894737005233765
0.8048780560493469
0.9827509522438049
0.9813915491104126
0.8075272440910339
0.8766745924949646
0.9755265116691589
0.9797326922416687
0.5428881645202637
0.9153936505317688
0.7092936635017395
0.9866759777069092
0.8783557415008545
0.7270541191101074
0.7794935703277588
0.9349676370620728
0.6215847134590149
0.9779603481292725
0.988916277885437
0.6285355687141418
0.8586089015007019
0.9615662693977356
0.9842323660850525
0.9940119981765747
0.5979186296463013
0.9196261167526245
0.7158671617507935
0.952380895614624
0.9765396118164062
0.9815706014633179
0.906754732131958
0.9922879338264465
0.9797369837760925
0.9894664883613586
0.9905482530593872
0.5478423833847046
0.8417285680770874
0.9705753326416016
0.9724662899971008
0.9644562602043152
0.46366533637046814
0.9393811225891113
0.987522304058075
0.9074019193649292
0.9931707382202148
0.9946476817131042
0.6754187345504761
0.9795919060707092
0.7187660932540894
0.8201841711997986
0.6273391246795654
0.8582338690757751
0.9781718850135803
0.984438955783844
0.9893347024917603
0.8887537717819214
0.9834368228912354
0.9483636617660522
0.7948487401008606
0.9890989065170288
0.9890188574790955
0.9877550601959229
0.9868682026863098
0.9774834513664246
0.991407036781311
0.7272727489471436
0.9835189580917358
0.9585406184196472
0.9297260046005249
0.888379693031311
0.9848605394363403
0.8363304138183594
0.9273828268051147
0.9579134583473206
0.9902461767196655
0.9832073450088501
0.98858642578125
0.8293980956077576
0.9493844509124756
0.6204222440719604
0.8425630927085876
0.6315373182296753
0.9873418211936951
0.9900199770927429
0.9574394822120667
0.9845837354660034
0.8329604864120483
0.8468254208564758
0.980194091796875
0.9505258798599243
0.7267631888389587
0.9810219407081604
0.9426910877227783
0.9834938049316406
0.9249134063720703
0.9839572310447693
0.9903236627578735
0.9779577255249023
0.9897075891494751
0.9826856255531311
0.9795777797698975
0.9384614825248718
0.9025367498397827
0.9676870107650757
0.9880266189575195
0.9896982908248901
0.991959810256958
0.5967977046966553
0.9019407033920288
0.9897611141204834
0.9909090995788574
0.9842519760131836
0.6582362651824951
0.9732620120048523
0.8280333280563354
0.684227466583252
0.5777400135993958
0.9496403336524963
0.7188449501991272
0.8749122023582458
0.9725315570831299
0.9852724075317383
0.9936467409133911
0.8329519629478455
0.44915536046028137
0.9921094179153442
0.9888597130775452
0.9771634936332703
0.9869551658630371
0.8527981042861938
0.8894328474998474
0.99294114112854
0.9433801770210266
0.9897280931472778
0.9873631596565247
0.04689331725239754
0.9933510422706604
0.9859575629234314
0.983085572719574
0.7311391830444336
0.9864920377731323
0.8657810091972351
0.9870129823684692
0.9808273911476135
0.7062706351280212
0.98591548204422
0.9898989796638489
0.4992614686489105
0.9911617040634155
0.9817780256271362
0.9909847378730774
0.9731034636497498
0.49438202381134033
0.9836179614067078
0.9886425137519836
0.986514151096344
0.6514480113983154
0.7553324699401855
0.9837603569030762
0.9818181991577148
0.9744924306869507
0.32611462473869324
0.9899713397026062
0.989639163017273
0.30943024158477783
0.9824120402336121
0.957768976688385
0.9687203764915466
0.9688205718994141
0.9771726727485657
0.9821206331253052
0.9851992130279541
0.9830907583236694
0.980434775352478
0.9807029366493225
0.6580772399902344
0.9946750998497009
0.9653247594833374
0.8118643760681152
0.7465818524360657
0.7676767706871033
0.9370947480201721
0.9806389212608337
0.9869203567504883
0.7600365281105042
0.9832572340965271
0.972588837146759
0.8974576592445374
0.9466389417648315
0.9843260645866394
0.989327609539032
0.9865293502807617
0.8460704684257507
0.643304169178009
0.8811247944831848
0.01193755678832531
0.9802371859550476
0.9881386756896973
0.9422924518585205
0.8146954774856567
0.9514049291610718
0.9842715263366699
0.9921457767486572
0.9168766140937805
0.669468879699707
0.9792857766151428
0.9880149364471436
0.9889661073684692
0.9858961701393127
0.9720838069915771
0.8468596339225769
0.9810029864311218
0.9850860834121704
0.9835250377655029
0.6813424825668335
0.9825488924980164
0.8919642567634583
0.886635959148407
0.9334756731987
0.8773747682571411
0.9719080924987793
0.9754186272621155
0.6105483770370483
0.45285525918006897
0.9912077784538269
0.9728464484214783
0.6041958332061768
0.98591548204422
0.9607518315315247
0.9706601500511169
0.709640622138977
0.990604043006897
0.9013208746910095
0.9830233454704285
0.8452380895614624
0.9876345992088318
0.993630588054657
0.8352037668228149
0.479742169380188
0.7239819169044495
0.964853823184967
0.9859431385993958
0.9876033663749695
0.8161630630493164
0.9883299469947815
0.4049999713897705
0.9810003638267517
0.8639262318611145
0.3830258250236511
0.9765363335609436
0.9808266162872314
0.9796393513679504
0.984990656375885
0.9851205348968506
0.978897213935852
0.9533169865608215
0.9763991832733154
0.5651144981384277
0.6230554580688477
0.22187742590904236
0.5660964846611023
0.9902685880661011
0.6545454859733582
0.9833803176879883
0.9878869652748108
0.42113956809043884
0.9934923648834229
0.8125765919685364
0.5684062242507935
0.9817444086074829
0.9883882403373718
0.9695901274681091
0.871487021446228
0.8945032358169556
0.9908027648925781
0.7733125686645508
0.9711030125617981
0.8513341546058655
0.41624757647514343
0.9829768538475037
0.9853895902633667
0.44154539704322815
0.9759559035301208
0.9840288758277893
0.9595847129821777
0.8876404762268066
0.9931773543357849
0.9819085001945496
0.9771041870117188
0.9899665713310242
0.5957813262939453
0.5911406874656677
0.764418363571167
0.5925067663192749
0.9867309331893921
0.8110324740409851
0.9810279011726379
0.9623137712478638
0.9756098389625549
0.5754034519195557
0.9812332391738892
0.9800319671630859
0.9874106645584106
0.891158401966095
0.9532710909843445
0.9249292016029358
0.9761905074119568
0.9544236660003662
0.9878304600715637
0.6971046924591064
0.9511993527412415
0.9802414774894714
0.9378238916397095
0.988277018070221
0.7289581298828125
0.9920880198478699
0.9852337837219238
0.989827573299408
0.9751582741737366
0.9429688453674316
0.9832272529602051
0.9883888959884644
0.9895366430282593
0.983892560005188
0.96197110414505
0.9908815026283264
0.9859813451766968
0.9849507212638855
0.9882128238677979
0.9872922897338867
0.7785634994506836
0.965944230556488
0.983137845993042
0.887417197227478
0.7185857892036438
0.8323699831962585
0.8981670141220093
0.6586126685142517
0.7123565077781677
0.9911563992500305
0.9761677384376526
0.6210402846336365
0.9812222719192505
0.9854401350021362
0.9877226948738098
0.719101071357727
0.8674843311309814
0.9777347445487976
0.9840375781059265
0.9797687530517578
0.9837631583213806
0.9802526831626892
0.8418310880661011
0.8335264325141907
0.981259286403656
0.9886525273323059
0.989175021648407
0.6966292262077332
0.9759535193443298
0.9485964775085449
0.8323126435279846
0.9890109896659851
0.9415928721427917
0.9851365685462952
0.9870820641517639
0.8524916768074036
0.7870619893074036
0.9916826486587524
0.9451584815979004
0.9928401112556458
0.9894202351570129
0.9852417707443237
0.984965443611145
0.6743496656417847
0.9902200698852539
0.9832215309143066
0.9922481179237366
0.5272789001464844
0.48637938499450684
0.7993296980857849
0.9804482460021973
0.9650349617004395
0.5957620143890381
0.9830206036567688
0.9891347885131836
0.953795313835144
0.9934046864509583
0.9804964065551758
0.9836867451667786
0.8943146467208862
0.9874476790428162
0.9323425889015198
0.46975356340408325
0.9900990724563599
0.8686487674713135
0.7882307767868042
0.5307577848434448
0.6951965093612671
0.9205479025840759
0.9664268493652344
0.9890421032905579
0.9913042783737183
0.5681326389312744
0.9743391275405884
0.7779380083084106
0.7736198902130127
0.9549305438995361
0.7942122220993042
0.9812980890274048
0.9844375252723694
0.7149837613105774
0.9855750203132629
0.9718208312988281
0.9804201722145081
0.7621909976005554
0.9952569007873535
0.9553238749504089
0.9784993529319763
0.9876542687416077
0.8233815431594849
0.9864773154258728
0.9855318069458008
0.9916188716888428
0.973906397819519
0.5545145273208618
0.9880202412605286
0.8591905832290649
0.988883912563324
0.5565770864486694
0.9901316165924072
0.7573062181472778
0.9833711385726929
0.9780963659286499
0.9889043569564819
0.8419355154037476
0.8020231127738953
0.8843002319335938
0.9299542307853699
0.5477706789970398
0.9895635843276978
0.47672775387763977
0.9942857027053833
0.8162436485290527
0.8241139650344849
0.9894339442253113
0.8447653651237488
0.7604894638061523
0.9828532934188843
0.9864476919174194
0.5683139562606812
0.8381578922271729
0.9647058248519897
0.9798606038093567
0.9857932329177856
0.24682053923606873
0.9942029118537903
0.9745939373970032
0.966469407081604
0.9472596049308777
0.6385990977287292
0.9872016310691833
0.9896670579910278
0.9789227247238159
0.9694414734840393
0.8975069522857666
0.9610284566879272
0.986452579498291
0.8262380361557007
0.9806401133537292
0.9891640543937683
0.984910786151886
0.4704691469669342
0.8993381857872009
0.5627254247665405
0.9860799312591553
0.8249541521072388
0.9767441749572754
0.4028679132461548
0.9513551592826843
0.7687860727310181
0.9868324995040894
0.9838910102844238
0.9677419662475586
0.9776741862297058
0.985429048538208
0.9776413440704346
0.989435076713562
0.5203937888145447
0.984703004360199
0.9870988726615906
0.9848418831825256
0.8134481310844421
0.9820433855056763
0.7611417174339294
0.9164785742759705
0.9913495182991028
0.9827396273612976
0.9770520329475403
0.6459714770317078
0.977999210357666
0.5320357084274292
0.9857142567634583
0.9857789278030396
0.7774030566215515
0.9885510802268982
0.9819234013557434
0.978767454624176
0.9712430834770203
0.7963576316833496
0.9886195063591003
0.6576168537139893
0.9842756390571594
0.9885671138763428
0.7860590219497681
0.72792649269104
0.9845921993255615
0.9850091934204102
0.9887036085128784
0.5037297010421753
0.25730395317077637
0.9948453903198242
0.7935173511505127
0.983280599117279
0.959309458732605
0.9862475395202637
0.6298016309738159
0.809055745601654
0.9824561476707458
0.988829493522644
0.7530733942985535
0.9823459982872009
0.987679660320282
0.9453965425491333
0.7649273872375488
0.989120602607727
0.6185010075569153
0.9905837774276733
0.28388282656669617
0.8821417093276978
0.919937252998352
0.7824608683586121
0.9817159175872803
0.9773894548416138
0.6147152185440063
0.800613522529602
0.6200988292694092
0.9686609506607056
0.8848820924758911
0.95740807056427
0.7731773257255554
0.36811020970344543
0.9829931259155273
0.9868995547294617
0.9794090986251831
0.9884220957756042
0.6269302368164062
0.826943039894104
0.8355501294136047
0.9748246073722839
0.9833837151527405
0.740157425403595
0.9869791865348816
0.766925036907196
0.9427374005317688
0.5678626894950867
0.5940143465995789
0.8465175032615662
0.9728073477745056
0.9230281710624695
0.9859363436698914
0.824766993522644
0.8782287836074829
0.9845731854438782
0.9894450902938843
0.9659033417701721
0.768094539642334
0.9644566178321838
0.9763224720954895
0.08224298804998398
0.9499778747558594
0.9714521169662476
0.8416485786437988
0.9867256879806519
0.9840880632400513
0.9249604940414429
0.9599618315696716
0.9936895370483398
0.8541604280471802
0.9634854793548584
0.5742459297180176
0.9863917827606201
0.986644983291626
0.9790281057357788
0.9610176682472229
0.8793050646781921
0.9924513101577759
0.9789401292800903
0.9837263822555542
0.9854369163513184
0.9893072843551636
0.9796169996261597
0.9778295755386353
0.8431044816970825
0.6076773405075073
0.9864636659622192
0.9835013747215271
0.4894402027130127
0.574214518070221
0.98788982629776
0.9596958160400391
0.9885655045509338
0.9881516098976135
0.988839328289032
0.6817666888237
0.7962697744369507
0.9848794341087341
0.9865202307701111
0.988942563533783
0.9841107130050659
0.6454927921295166
0.9845403432846069
0.3539518713951111
0.574015736579895
0.9776784777641296
0.7187132239341736
0.9834436774253845
0.9434682726860046
0.9875812530517578
0.9814094305038452
0.8431271910667419
0.5872000455856323
0.9837460517883301
0.9753135442733765
0.991584300994873
0.9834490418434143
0.988071620464325
0.8251487612724304
0.9825485944747925
0.8195224404335022
0.9783008694648743
0.9821428656578064
0.8327555656433105
0.9598351716995239
0.9420289397239685
0.9865884780883789
0.9879766702651978
0.9850448369979858
0.9913043975830078
0.9415042400360107
0.9897385239601135
0.7727539539337158
0.9854680895805359
0.9717243313789368
0.8576294183731079
0.7086457014083862
0.9691592454910278
0.9891015887260437
0.9707199335098267
0.9854369163513184
0.9916471838951111
0.9796067476272583
0.8350634574890137
0.8810720443725586
0.9758281111717224
0.9651778936386108
0.8601554036140442
0.9878430366516113
0.8820840716362
0.9786096215248108
0.9842180609703064
0.9529368281364441
0.7724034786224365
0.9889763593673706
0.9832956790924072
0.9541284441947937
0.8953434824943542
0.9656607508659363
0.9797570705413818
0.9642545580863953
0.9819779992103577
0.8151180744171143
0.8015438914299011
0.39256325364112854
0.8884509205818176
0.9575855731964111
0.9297520518302917
0.9675347805023193
0.9762576222419739
0.9837617874145508
0.6711052060127258
0.9856218099594116
0.9924338459968567
0.984414279460907
0.8202197551727295
0.9808429479598999
0.9876140356063843
0.9864183068275452
0.8463433980941772
0.9873727560043335
0.9850899577140808
0.7277459502220154
0.9620111584663391
0.9728155732154846
0.6095487475395203
0.9953113794326782
0.9787521362304688
0.9735945463180542
0.6469780206680298
0.9850592613220215
0.9853402972221375
0.9857819676399231
0.9840595126152039
0.6648480296134949
0.8869648575782776
0.9829641580581665
0.8923179507255554
0.98735111951828
0.9847238063812256
0.7721842527389526
0.9310113191604614
0.982947587966919
0.9842725992202759
0.7927411198616028
0.9852941036224365
0.9880583882331848
0.8682606220245361
0.9892562031745911
0.9535621404647827
0.9664520621299744
0.9748778939247131
0.9813030958175659
0.8382978439331055
0.9704715609550476
0.9887910485267639
0.9776963591575623
0.986757755279541
0.9874301552772522
0.9836512207984924
0.858830451965332
0.953912079334259
0.6938435435295105
0.6061947345733643
0.9503667950630188
0.7228994965553284
0.9812013506889343
0.9897640943527222
0.9337055087089539
0.9826818704605103
0.9881081581115723
0.9810379147529602
0.9801375269889832
0.7805643081665039
0.9808161854743958
0.9590962529182434
0.9878233671188354
0.9906402230262756
0.9765516519546509
0.9874709844589233
0.9828904867172241
0.9876194000244141
0.6810904145240784
0.98237544298172
0.8852316737174988
0.8220255374908447
0.980408251285553
0.9862315058708191
0.6098818182945251
0.8942937254905701
0.943672239780426
0.9848875999450684
0.8537943363189697
0.9077117443084717
0.7987896800041199
0.9633546471595764
0.9403758645057678
0.8915111422538757
0.9846346378326416
0.9752869009971619
0.9833822250366211
0.9661266207695007
0.9870129823684692
0.9868890643119812
0.8218435645103455
0.9815770387649536
0.9763473272323608
0.9936797618865967
0.7388026714324951
0.6354538202285767
0.9734017848968506
0.9774739146232605
0.9911646246910095
0.9875000715255737
0.9873015284538269
0.9953440427780151
0.9164113998413086
0.9688581228256226
0.982220470905304
0.9704301357269287
0.7181236147880554
0.356995165348053
0.47360002994537354
0.8332450985908508
0.9778820276260376
0.9819639325141907
0.8954248428344727
0.9890466332435608
0.9854319095611572
0.973838746547699
0.8959094882011414
0.7575757503509521
0.7429010272026062
0.9843260049819946
0.9830140471458435
0.9875251054763794
0.9687169790267944
0.968105137348175
0.9829901456832886
0.9620653390884399
0.9929938912391663
0.9889370203018188
0.9894821047782898
0.9785321354866028
0.9881995320320129
0.8828064203262329
0.9895923733711243
0.6455238461494446
0.9294421672821045
0.7281514406204224
0.8576998114585876
0.887947678565979
0.5795053243637085
0.5482907295227051
0.5300524234771729
0.947117030620575
0.9835634231567383
0.9905688762664795
0.9856066107749939
0.9877651929855347
0.988496720790863
0.9693530201911926
0.6537088751792908
0.9837954640388489
0.9777486324310303
0.74387526512146
0.990108847618103
0.9748972654342651
0.8979435563087463
0.9909256100654602
0.8517241477966309
0.771583616733551
0.9941219687461853
0.9603766202926636
0.9528875350952148
0.9887048006057739
0.9772365689277649
0.9888889193534851
0.9550788998603821
0.9825620651245117
0.9919427037239075
0.720755934715271
0.6642998456954956
0.9859532117843628
0.9678731560707092
0.8537887334823608
0.9876237511634827
0.9737856984138489
0.994743287563324
0.9124651551246643
0.9754170775413513
0.9860402345657349
0.7120315432548523
0.7251126766204834
0.9750505685806274
0.9023569226264954
0.8421052694320679
0.9842865467071533
0.5715470314025879
0.9940500259399414
0.6419414281845093
0.9924184679985046
0.9696969985961914
0.9367088675498962
0.9096729159355164
0.986522912979126
0.9444444179534912
0.9739400744438171
0.9825640916824341
0.9947842955589294
0.945777177810669
0.9830000400543213
0.7469879388809204
0.9789474010467529
0.9890339374542236
0.9718446731567383
0.9814958572387695
0.9673703908920288
0.8252173662185669
0.9484110474586487
0.5929606556892395
0.9908745884895325
0.9856459498405457
0.9385080337524414
0.8817777633666992
0.9765483736991882
0.9863824844360352
0.7427031993865967
0.9886399507522583
0.9789999723434448
0.9721437692642212
0.9920242428779602
0.9859485030174255
0.9933554530143738
0.5169309973716736
0.9779950976371765
0.9307228326797485
0.9538349509239197
0.5898533463478088
0.4825552999973297
0.8287292718887329
0.8188217878341675
0.9786573648452759
0.9908579587936401
0.6372745633125305
0.9655773043632507
0.6834273934364319
0.9829401969909668
0.6805813908576965
0.9761605858802795
0.7120418548583984
0.927278459072113
0.9774358868598938
0.9791389107704163
0.9869174361228943
0.9813748598098755
0.985580325126648
0.9790269136428833
0.9858906269073486
0.9733487367630005
0.9642720818519592
0.9907214045524597
0.8543629050254822
0.9645081162452698
0.9770491719245911
0.5649122595787048
0.7668393850326538
0.9801031947135925
0.9863842725753784
0.9873737096786499
0.7820224165916443
0.7210831642150879
0.9944838881492615
0.9117737412452698
0.9008296728134155
0.9297803640365601
0.8945095539093018
0.778149425983429
0.8812853693962097
0.9360552430152893
0.9571787714958191
0.985771656036377
0.9880877733230591
0.9641055464744568
0.976828396320343
0.8999114036560059
0.9479125738143921
0.7676407694816589
0.7330650091171265
0.9714285731315613
0.9846010208129883
0.8461171984672546
0.7760342359542847
0.40012890100479126
0.9859060645103455
0.9822012186050415
0.8680335283279419
0.9746667146682739
0.9826050400733948
0.9778609275817871
0.9783051013946533
0.9820953011512756
0.9869546294212341
0.8297871947288513
0.84883713722229
0.9133573770523071
0.8289251923561096
0.9814891219139099
0.5597826242446899
0.9849246144294739
0.9930686354637146
0.9639468789100647
0.9715909361839294
0.9535045027732849
0.5785244703292847
0.9088319540023804
0.831220269203186
0.8768014907836914
0.7598456144332886
0.0
0.9887481927871704
0.9905660152435303
0.9794034361839294
0.7626866102218628
0.9905499219894409
0.92149817943573
0.8255854845046997
0.9576337933540344
0.36059337854385376
0.9870316982269287
0.9795724749565125
0.9816031455993652
0.9835183620452881
0.938744843006134
0.6417703628540039
0.9715120792388916
0.7170401215553284
0.9873524308204651
0.9857434034347534
0.8450831174850464
0.977428138256073
0.6964285969734192
0.9913187026977539
0.9629368185997009
0.9799107313156128
0.9870340824127197
0.9071925282478333
0.795045018196106
0.8485051989555359
0.7969566583633423
0.9829185009002686
0.981408417224884
0.7911901473999023
0.97693932056427
0.9922077655792236
0.9709989428520203
0.9843071699142456
0.9209431409835815
0.9834619760513306
0.9772647619247437
0.8682613372802734
0.9845307469367981
0.9816272854804993
0.6529680490493774
0.9860835075378418
0.7734241485595703
0.7219626307487488
0.9363867044448853
0.9832834005355835
0.9922179579734802
0.9658349752426147
0.9614952802658081
0.9874411821365356
0.9888412356376648
0.9931087493896484
0.8326670527458191
0.9903191328048706
0.9059745669364929
0.9807297587394714
0.868303656578064
0.9765355587005615
0.8422887325286865
0.9878577589988708
0.9816849827766418
0.8664291501045227
0.9860191345214844
0.632046639919281
0.9829025864601135
0.9865099191665649
0.9651955962181091
0.8229237794876099
0.99168461561203
0.8141844868659973
0.9074560403823853
0.9889916181564331
0.8862207531929016
0.8820960521697998
0.9880728125572205
0.9835951924324036
0.9715536236763
0.7615799903869629
0.9928985834121704
0.8224061131477356
0.9850746393203735
0.7738264799118042
0.7251516580581665
0.9754902124404907
0.9836214780807495
0.5352246165275574
0.9829238057136536
0.9567999839782715
0.3752647340297699
0.7957575917243958
0.966821014881134
0.9849398136138916
0.9717466235160828
0.890061616897583
0.7548139095306396
0.7276726961135864
0.9813857078552246
0.9897134304046631
0.9856849908828735
0.9912775754928589
0.9333333373069763
0.9827272295951843
0.9639261960983276
0.9844935536384583
0.9876890778541565
0.91741544008255
0.9728394746780396
0.9855512976646423
0.9938850998878479
0.9728119373321533
0.9791006445884705
0.993827223777771
0.9934459924697876
0.9442548751831055
0.8679577708244324
0.8499618768692017
0.9751073122024536
0.7563661932945251
0.8739023804664612
0.8844388723373413
0.4876299798488617
0.9902982115745544
0.820934534072876
0.979341983795166
0.7027027606964111
0.9869281649589539
0.9891053438186646
0.9914143681526184
0.769580066204071
0.7896394729614258
0.9726834893226624
0.958780825138092
0.982806921005249
0.5751341581344604
0.7340242266654968
0.3366336524486542
0.9921875
0.3678605854511261
0.6346578598022461
0.8162720799446106
0.8455039262771606
0.9870577454566956
0.9816163778305054
0.877458393573761
0.8698005080223083
0.5986502766609192
0.9026750326156616
0.9890336394309998
0.9869388341903687
0.9886602163314819
0.9875696301460266
0.8075737357139587
0.4874943196773529
0.8308181166648865
0.6958867311477661
0.9473684430122375
0.8580607771873474
0.8602069020271301
0.6305595636367798
0.8699527978897095
0.8165016174316406
0.8622572422027588
0.9820312261581421
0.9863548278808594
0.9898524284362793
0.7826439738273621
0.9859791994094849
0.9664387702941895
0.9902652502059937
0.9817189574241638
0.9707005620002747
0.97248375415802
0.7457912564277649
0.5569620132446289
0.9908037185668945
0.8659794330596924
0.9873684048652649
0.9686142206192017
0.9854338765144348
0.9856459498405457
0.9747621417045593
0.7210242748260498
0.9908562302589417
0.8500303626060486
0.8367071747779846
0.9864290952682495
0.9808682799339294
0.9745537042617798
0.8979166150093079
0.7606382369995117
0.7984064221382141
0.5383920669555664
0.0
0.9710832238197327
0.7973341345787048
0.9863362312316895
0.9760869145393372
0.98101806640625
0.9641562700271606
0.986233651638031
0.8291457295417786
0.9748954176902771
0.5743107199668884
0.9797077178955078
0.9274321794509888
0.7811881303787231
0.9743816256523132
0.5799162983894348
0.820393979549408
0.9750667810440063
0.8199737071990967
0.6844872832298279
0.9918625950813293
0.918032705783844
0.955233097076416
0.9957447052001953
0.9857696294784546
0.9871795773506165
0.8707256317138672
0.54448401927948
0.9721361994743347
0.6255442500114441
0.8350465297698975
0.6899224519729614
0.9830635786056519
0.9883192777633667
0.7806122303009033
0.9811729788780212
0.9884846210479736
0.9861515760421753
0.9885641932487488
0.9120925068855286
0.47859764099121094
0.9831288456916809
0.9570997357368469
0.9871152639389038
0.005010438617318869
0.8817034959793091
0.9798972010612488
0.46465519070625305
0.9889135360717773
0.7877022624015808
0.9867072105407715
0.9529366493225098
0.8595631122589111
0.9493763446807861
0.5799925327301025
0.9877750277519226
0.8834224343299866
0.9636048674583435
0.5788113474845886
0.9879969358444214
0.5927125215530396
0.9876857399940491
0.9861338138580322
0.8160458207130432
0.9851822257041931
0.9591262936592102
0.8560605645179749
0.9842619895935059
0.9838709831237793
0.9851205348968506
0.9768875241279602
0.9790929555892944
0.978573739528656
0.9848484992980957
0.9941291809082031
0.992300271987915
0.9825806617736816
0.9881129860877991
0.9855907559394836
0.6265639662742615
0.9858307242393494
0.9869723916053772
0.8178244233131409
0.9890199303627014
0.5237146615982056
0.832855761051178
0.9869158864021301
0.9861370921134949
0.9642707705497742
0.7475410103797913
0.9766505360603333
0.9736136794090271
0.9839612245559692
0.9880205392837524
0.9830996990203857
0.9797601103782654
0.8251457214355469
0.9743590354919434
0.9898770451545715
0.9791068434715271
0.9827269315719604
0.7476908564567566
0.6112629771232605
0.9747898578643799
0.9912781715393066
0.8756387829780579
0.9875311255455017
0.8930084705352783
0.9899531006813049
0.800916850566864
0.9493908286094666
0.9863459467887878
0.9712643623352051
0.9632135629653931
0.979212760925293
0.9845423102378845
0.6215710639953613
0.9607844352722168
0.9818181991577148
0.9872098565101624
0.9843419194221497
0.9792477488517761
0.9722863435745239
0.6089091300964355
0.8357349038124084
0.9732394218444824
0.9785562753677368
0.9550424814224243
0.9025862216949463
0.9816983342170715
0.9802554845809937
0.9670608043670654
0.7992895245552063
0.9907000064849854
0.9935179352760315
0.6885833144187927
0.6682808995246887
0.9883216619491577
0.9857339262962341
0.7554088830947876
0.9887640476226807
0.8643410205841064
0.9735530018806458
0.9211022853851318
0.9805477857589722
0.4710958003997803
0.9896992444992065
0.808201014995575
0.9682893753051758
0.9885818958282471
0.7079824209213257
0.9889782667160034
0.9867503046989441
0.2855511009693146
0.45206913352012634
0.9861182570457458
0.38808438181877136
0.6654829978942871
0.625170111656189
0.6008820533752441
0.9493253827095032
0.9781836867332458
0.9690141081809998
0.8853383660316467
0.9839572906494141
0.9879517555236816
0.616390585899353
0.9150885939598083
0.991351842880249
0.9758487343788147
0.9870259165763855
0.977842390537262
0.9861932992935181
0.9868367910385132
0.9917203187942505
0.9857978820800781
0.9855072498321533
0.9921454787254333
0.9623582363128662
0.9725348949432373
0.9583917260169983
0.880214273929596
0.9827948212623596
0.8256567716598511
0.7407407760620117
0.9856244921684265
0.9551569819450378
0.610763430595398
0.9829972386360168
0.9837365746498108
0.9614009857177734
0.9890655875205994
0.9883551001548767
0.8179402351379395
0.9865591526031494
0.7409289479255676
0.46623495221138
0.8868833184242249
0.9872899651527405
0.986212432384491
0.6695495247840881
0.9508053660392761
0.9876922369003296
0.552570104598999
0.9900082349777222
0.8270547986030579
0.9712206125259399
0.948686957359314
0.9925539493560791
0.9423011541366577
0.9833971261978149
0.9325729608535767
0.9848229289054871
0.9927132725715637
0.976885199546814
0.9793765544891357
0.9857190251350403
0.9870902895927429
0.9863365292549133
0.9829221963882446
0.8206092715263367
0.980713963508606
0.6216216087341309
0.9015586972236633
0.9646685123443604
0.19603078067302704
0.9933421611785889
0.9838710427284241
0.9802477955818176
0.7261496186256409
0.5897881388664246
0.9806451201438904
0.9827654361724854
0.9562314748764038
0.9863705039024353
0.9596928954124451
0.4169096350669861
0.9879615306854248
0.9807383418083191
0.7803030610084534
0.9879216551780701
0.9682461619377136
0.985401451587677
0.9832621812820435
0.9830065369606018
0.9908334016799927
0.9794643521308899
0.9697220921516418
0.9772151708602905
0.6748507022857666
0.9392223358154297
0.9685823917388916
0.9783728122711182
0.9696616530418396
0.9892802834510803
0.8687241077423096
0.9813258647918701
0.9031876921653748
0.8936006426811218
0.9777417778968811
0.9520514607429504
0.9878148436546326
0.9852734208106995
0.578102171421051
0.9578810334205627
0.5814278721809387
0.6995377540588379
0.8239886164665222
0.3742440342903137
0.8613512516021729
0.9423174858093262
0.9780058860778809
0.9845927357673645
0.9918186664581299
0.9916049242019653
0.9609261751174927
0.9620991349220276
0.9919355511665344
0.76345294713974
0.7564414143562317
0.6238660216331482
0.9661417007446289
0.9071291089057922
0.9892129302024841
0.9533730149269104
0.9003373980522156
0.7153674960136414
0.8404040336608887
0.9872989654541016
0.9794238209724426
0.915938138961792
0.986933171749115
0.7846808433532715
0.9918787479400635
0.9546459913253784
0.8287408947944641
0.9786142706871033
0.7574275732040405
0.8709526062011719
0.9817307591438293
0.9928812980651855
0.6747932434082031
0.9874106645584106
0.9902034997940063
0.9850209951400757
0.9795070290565491
0.9775322675704956
0.22027026116847992
0.9819204807281494
0.9846743941307068
0.9895800948143005
0.989971935749054
0.9855072498321533
0.9771918058395386
0.9865630269050598
0.3546719551086426
0.5875608921051025
0.7085357308387756
0.9883487224578857
0.9809591174125671
0.969391405582428
0.9865111112594604
0.9780621528625488
0.8536661267280579
0.9810526371002197
0.7875080704689026
0.6896551251411438
0.7368015050888062
0.7892976999282837
0.982019305229187
0.5623167157173157
0.986227810382843
0.9685415029525757
0.9896982908248901
0.9766423106193542
0.5929526090621948
0.8145084381103516
0.9827587008476257
0.9799781441688538
0.801112711429596
0.9821310639381409
0.9861310720443726
0.9847589731216431
0.9527959227561951
0.9874945282936096
0.9577666521072388
0.6746987700462341
0.9793813228607178
0.9760300517082214
0.6892349123954773
0.9854721426963806
0.9888268113136292
0.6420557498931885
0.9729961156845093
0.3650793731212616
0.757487952709198
0.8188976049423218
0.9641164541244507
0.9675242900848389
0.9250913262367249
0.8497695326805115
0.9781277179718018
0.9450474977493286
0.8198314905166626
0.976925790309906
0.8800864219665527
0.98319011926651
0.9869869351387024
0.9695898294448853
0.9825535416603088
0.9779146909713745
0.956131637096405
0.9198198318481445
0.5281932950019836
0.971789538860321
0.7948285341262817
0.98591548204422
0.9865719079971313
0.9875975847244263
0.9541088342666626
0.9806389212608337
0.9801920652389526
0.9782536029815674
0.9635787606239319
0.9883527159690857
0.9912053942680359
0.9856164455413818
0.9848484396934509
0.9824854135513306
0.6964994668960571
0.9497678279876709
0.9850606918334961
0.9910903573036194
0.9774835109710693
0.7731602191925049
0.6630968451499939
0.807996928691864
0.978584349155426
0.9883861541748047
0.9855985641479492
0.990176796913147
0.7505518794059753
0.7292138934135437
0.36608555912971497
0.5731990933418274
0.9881539940834045
0.8792452812194824
0.9255078434944153
0.9868851900100708
0.9718482494354248
0.8948696255683899
0.9849850535392761
0.9816998839378357
0.9922388195991516
0.9860140085220337
0.9879205226898193
0.7680000066757202
0.44859811663627625
0.9886956810951233
0.9508071541786194
0.8339768648147583
0.9875717163085938
0.9887639880180359
0.9927745461463928
0.983510434627533
0.9815859198570251
0.9809568524360657
0.9249550700187683
0.6672574281692505
0.9862595200538635
0.9830367565155029
0.2865145802497864
0.984626293182373
0.9927219748497009
0.7342056035995483
0.979844868183136
0.9855431914329529
0.9864951968193054
0.9892703294754028
0.9956416487693787
0.5253390073776245
0.9898008704185486
0.9727352857589722
0.9854885339736938
0.9133234620094299
0.8106334805488586
0.9340314269065857
0.8109527230262756
0.9906780123710632
0.9624547958374023
0.9219987392425537
0.984941840171814
0.9852216839790344
0.9791806936264038
0.9508623480796814
0.8466300368309021
0.8635363578796387
0.9911504983901978
0.9875062704086304
0.8231644034385681
0.9888412356376648
0.8402249217033386
0.9865012764930725
0.9666811227798462
0.9871370792388916
0.9709510207176208
0.42113322019577026
0.9750329256057739
0.9788159132003784
0.9708971381187439
0.9801762104034424
0.9874560832977295
0.6396724581718445
0.9853049516677856
0.9883307814598083
0.9866496324539185
0.8025579452514648
0.8187718391418457
0.7587238550186157
0.9874538779258728
0.9903988242149353
0.977869987487793
0.6604874730110168
0.8049154877662659
0.9543536305427551
0.9867630004882812
0.7216562628746033
0.879902720451355
0.6283577084541321
0.9665579199790955
0.9897172451019287
0.992526113986969
0.9544714689254761
0.9931918382644653
0.9919495582580566
0.9946315884590149
0.9517308473587036
0.9953252077102661
0.9886639714241028
0.9896219372749329
0.6220614910125732
0.9937887787818909
0.9626749157905579
0.9823528528213501
0.976603090763092
0.9847477078437805
0.9590499401092529
0.9631087183952332
0.9862328171730042
0.9643799662590027
0.9686003923416138
0.8431752324104309
0.989130437374115
0.9821624159812927
0.9898989200592041
0.9842154383659363
0.9800190329551697
0.8491259813308716
0.980747401714325
0.9502692818641663
0.813725471496582
0.9909341335296631
0.7830964922904968
0.7588621973991394
0.9828927516937256
0.954561173915863
0.9613983035087585
0.9284090995788574
0.7975855469703674
0.6560425162315369
0.9845150709152222
0.6154754757881165
0.9538736343383789
0.9753694534301758
0.8107503056526184
0.9671695232391357
0.6018548011779785
0.8402091860771179
0.7984394431114197
0.982492208480835
0.9869306087493896
0.9220672249794006
0.6963788270950317
0.9723134636878967
0.9106223583221436
0.9181126356124878
0.9529215693473816
0.94017094373703
0.854097306728363
0.9883843660354614
0.96373051404953
0.7412040829658508
0.7236100435256958
0.9747762680053711
0.37997257709503174
0.982670783996582
0.9809485077857971
0.6186138391494751
0.5152615904808044
0.7850194573402405
0.9824362993240356
0.7056019306182861
0.9877582788467407
0.9037860631942749
0.9799533486366272
0.9850860238075256
0.985994279384613
0.6024254560470581
0.4352431297302246
0.6932515501976013
0.9824414849281311
0.8166666626930237
0.7926421761512756
0.8153355121612549
0.8827292323112488
0.8782138228416443
0.7606582045555115
0.7344487309455872
0.8960612416267395
0.80402010679245
0.9831932783126831
0.9239436388015747
0.7708649635314941
0.8985422253608704
0.7726143598556519
0.7926549315452576
0.9817997813224792
0.8653017282485962
0.9832707643508911
0.971298098564148
0.9874092936515808
0.9675946831703186
0.9759557843208313
0.844724178314209
0.5368013381958008
0.9414006471633911
0.984971821308136
0.9880239367485046
0.9838241934776306
0.5902348756790161
0.9931479096412659
0.9594827890396118
0.9833574295043945
0.8478988409042358
0.8386728167533875
0.7018168568611145
0.748060405254364
0.9752129912376404
0.9708491563796997
0.9876226782798767
0.9865031242370605
0.8413941860198975
0.988364040851593
0.6454577445983887
0.9436854720115662
0.950361430644989
0.9887802600860596
0.8517928719520569
0.6826014518737793
0.9630423784255981
0.9797822833061218
0.9915309548377991
0.8680705428123474
0.949569582939148
0.987204372882843
0.869813084602356
0.764181911945343
0.6028513312339783
0.989591658115387
0.6046304106712341
0.9256505370140076
0.9511343836784363
0.8441295027732849
0.6419180035591125
0.5495887398719788
0.988368034362793
0.6154919266700745
0.6763609051704407
0.980790913105011
0.967666506767273
0.9294871091842651
0.7343904972076416
0.7035220265388489
0.9887639880180359
0.9834494590759277
0.7019551992416382
0.5259259343147278
0.9786812663078308
0.9598715901374817
0.9865908622741699
0.9862527847290039
0.9894736409187317
0.9656319618225098
0.9748535752296448
0.9539077877998352
0.985170304775238
0.800325334072113
0.9801608324050903
0.9322465658187866
0.8272957801818848
0.9799107313156128
0.9840224981307983
0.9191526174545288
0.5533254742622375
0.9913118481636047
0.7600426077842712
0.9821937084197998
0.9708117842674255
0.9909365773200989
0.9796355366706848
0.9878950715065002
0.8230123519897461
0.9793548583984375
0.976047933101654
0.9590802192687988
0.5900846719741821
0.7237076759338379
0.991446316242218
0.9816547632217407
0.9818955659866333
0.9767441749572754
0.9761418104171753
0.9896907210350037
0.9838123321533203
0.9816372990608215
0.9555283188819885
0.8557007312774658
0.9750263690948486
0.8236590623855591
0.9890820980072021
0.9912587404251099
0.9892632365226746
0.9851287007331848
0.8808640241622925
0.82654869556427
0.8073005080223083
0.9871795177459717
0.8604233860969543
0.9837892651557922
0.9815303087234497
0.6613913774490356
0.9579892158508301
0.9917138814926147
0.7885448336601257
0.7459754347801208
0.8156222105026245
0.8221251964569092
0.9910120368003845
0.9664013385772705
0.976639986038208
0.9300530552864075
0.9330072999000549
0.9870778918266296
0.9905956387519836
0.985927402973175
0.9915887713432312
0.7478991746902466
0.9890959858894348
0.9490196704864502
0.9860464930534363
0.9322034120559692
0.662420392036438
0.8020408153533936
0.8244165182113647
0.7456141114234924
0.8424813151359558
0.5529300570487976
0.9928006529808044
0.9713891744613647
0.9502201080322266
0.6184056401252747
0.9898544549942017
0.8489208817481995
0.9664117097854614
0.8156996369361877
0.35274451971054077
0.9913836717605591
0.9077445268630981
0.8031250238418579
0.8516853451728821
0.8414849042892456
0.9783990383148193
0.9820716977119446
0.9938556551933289
0.9876894354820251
0.673977255821228
0.5413793325424194
0.985525906085968
0.8171160817146301
0.7880986332893372
0.9116684794425964
0.6793249249458313
0.8727418780326843
0.9882975220680237
0.5309364795684814
0.9671143889427185
0.9830087423324585
0.9922983050346375
0.9823529720306396
0.9838420152664185
0.7345282435417175
0.989949643611908
0.9841474890708923
0.9820119738578796
0.8634824752807617
0.9852116703987122
0.6623108386993408
0.9796689748764038
0.981627345085144
0.6165368556976318
0.9885733127593994
0.9921985268592834
0.9880382418632507
0.6004486083984375
0.9694771766662598
0.8378377556800842
0.9823232889175415
0.9826545715332031
0.9829996228218079
0.7852257490158081
0.9842367768287659
0.6160558462142944
0.9061102271080017
0.5963594317436218
0.9641833901405334
0.9876881241798401
0.6035430431365967
0.4454364776611328
0.9870740175247192
0.8582625389099121
0.9881318807601929
0.8870322704315186
0.9846782684326172
0.9778071641921997
0.7772925496101379
0.9876212477684021
0.9853085279464722
0.981285572052002
0.9867488741874695
0.9929447770118713
0.9774658679962158
0.9880266189575195
0.9757331013679504
0.9749720096588135
0.9834132194519043
0.9868995547294617
0.986138641834259
0.9860883951187134
0.9866881370544434
0.9881337285041809
0.9897314310073853
0.9794392585754395
0.9861515760421753
0.9852700233459473
0.989830493927002
0.987183690071106
0.9891344904899597
0.26589593291282654
0.9793511033058167
0.9803608059883118
0.9882194399833679
0.7312237620353699
0.9532237648963928
0.7919762134552002
0.645285427570343
0.9862353205680847
0.9833006262779236
0.9890815615653992
0.9871407151222229
0.7425860166549683
0.9888991713523865
0.9870041012763977
0.9786096215248108
0.9813359379768372
0.8200297355651855
0.9936143755912781
0.9790156483650208
0.8291316628456116
0.8515524864196777
0.8958778977394104
0.9774278402328491
0.9852179884910583
0.27836257219314575
0.989542543888092
0.981205940246582
0.9581395387649536
0.885949432849884
0.6341463327407837
0.9768378138542175
0.8390771150588989
0.9772727489471436
0.7230714559555054
0.9901245832443237
0.7521008253097534
0.6990091800689697
0.9769736528396606
0.9074385166168213
0.9877017140388489
0.9848071336746216
0.9766666889190674
0.9875221848487854
0.6589204668998718
0.9049458503723145
0.9154981970787048
0.9863271713256836
0.9767190217971802
0.9837607145309448
0.862203061580658
0.4341427683830261
0.9761223196983337
0.9547432661056519
0.9889858961105347
0.6664280295372009
0.9914191365242004
0.9877439737319946
0.9836503863334656
0.4000000059604645
0.6860795021057129
0.9759836196899414
0.9846897721290588
0.6476072669029236
0.9726694226264954
0.9890591502189636
0.9864932298660278
0.9230769276618958
0.8886430263519287
0.9936808943748474
0.9728506803512573
0.9775280952453613
0.5417649745941162
0.9841771721839905
0.9867523312568665
0.7395132184028625
0.980446994304657
0.9268817901611328
0.9796417355537415
0.9854304194450378
0.8446265459060669
0.9874638319015503
0.736417293548584
0.7750654220581055
0.9320629239082336
0.9820446372032166
0.895875871181488
0.9871876835823059
0.6344594955444336
0.9691826701164246
