0.8941349387168884
0.9797344207763672
0.9895384907722473
0.9846782684326172
0.9834403395652771
0.9825146198272705
0.8489266633987427
0.9695817828178406
0.9859831929206848
0.918276309967041
0.8268824815750122
0.7822526097297668
0.9301396608352661
0.9806452393531799
0.9852020144462585
0.9348017573356628
0.946825385093689
0.79402756690979
0.9284375905990601
0.8320663571357727
0.9682599902153015
0.9755706191062927
0.9010101556777954
0.9799314737319946
0.9813463091850281
0.8193008303642273
0.9781832695007324
0.9762845039367676
0.5825494527816772
0.9902280569076538
0.4293346405029297
0.9736210703849792
0.9897172451019287
0.9873932003974915
0.9888357520103455
0.6338514685630798
0.5704988837242126
0.6512106657028198
0.8938083648681641
0.936134397983551
0.9776875972747803
0.6042590737342834
0.9830939173698425
0.97652268409729
0.9772151708602905
0.9077404737472534
0.6786127090454102
0.6985915303230286
0.982099711894989
0.5974589586257935
0.9875200390815735
0.9760460257530212
0.9812666773796082
0.972800076007843
0.9884861707687378
0.9501292705535889
0.8911874294281006
0.9784454107284546
0.485308974981308
0.8359757661819458
0.917814314365387
0.6497395634651184
0.9494324326515198
0.6422258615493774
0.9821897149085999
0.8957098126411438
0.9195659756660461
0.6839602589607239
0.8435072302818298
0.6901354193687439
0.8011115789413452
0.9909420013427734
0.9852685928344727
0.7593771815299988
0.8417155146598816
0.7004885673522949
0.9943556189537048
0.9726589322090149
0.9808040857315063
0.9723010659217834
0.5920617580413818
0.9382280111312866
0.6654462218284607
0.980508029460907
0.7633744478225708
0.9867335557937622
0.5063961148262024
0.8300721049308777
0.5666666626930237
0.9806919693946838
0.9358698725700378
0.9525355100631714
0.9716572761535645
0.8666340708732605
0.9214286208152771
0.9280359745025635
0.8163793087005615
0.9888356924057007
0.8390576243400574
0.984246551990509
0.9910948276519775
0.8758109211921692
0.9971284866333008
0.9942798018455505
0.9854916930198669
0.972084105014801
0.9241666793823242
0.7259198427200317
0.9786584973335266
0.9754577279090881
0.9321267008781433
0.9001213312149048
0.9665427803993225
0.7070028781890869
0.9882434606552124
0.9793577790260315
0.615384578704834
0.9333333373069763
0.9929278492927551
0.6329479813575745
0.9825094938278198
0.9915254712104797
0.6073232293128967
0.985576868057251
0.9742532968521118
0.9887640476226807
0.6527168154716492
0.8186812400817871
0.9812787175178528
0.9741536378860474
0.0
0.4585987627506256
0.9807026386260986
0.9765437841415405
0.5617119073867798
0.8719937801361084
0.8155339956283569
0.9377565383911133
0.8548510670661926
0.9391230344772339
0.9508320093154907
0.6978446245193481
0.6417856216430664
0.913860559463501
0.969072163105011
0.794165313243866
0.9473683834075928
0.9956793189048767
0.899398148059845
0.7705726623535156
0.924819827079773
0.8873653411865234
0.8281192779541016
0.9327354431152344
0.6878650188446045
0.9688073396682739
0.4352431297302246
0.9915048480033875
0.6957605481147766
0.9749671220779419
0.5751848816871643
0.9817159175872803
0.9060439467430115
0.976934552192688
0.7099184989929199
0.5614035129547119
0.7633521556854248
0.9870823621749878
0.9713708162307739
0.9583910703659058
0.9866939783096313
0.8880496025085449
0.9668685793876648
0.5166863203048706
0.9748111367225647
0.8327236771583557
0.7846522927284241
0.7938328981399536
0.951124906539917
0.9873253703117371
0.7674896717071533
0.8176881074905396
0.6365591287612915
0.8084841370582581
0.8745837211608887
0.6988551020622253
0.9577346444129944
0.9841378927230835
0.9842873215675354
0.7848648428916931
0.9702380895614624
0.9799072742462158
0.9841747879981995
0.9788193106651306
0.6321428418159485
0.9848484396934509
0.9648689031600952
0.9838767647743225
0.9255591630935669
0.8672376871109009
0.8970456719398499
0.9754204750061035
0.9879865646362305
0.8486956357955933
0.8196423053741455
0.6034798622131348
0.9588038921356201
0.34839174151420593
0.9350000023841858
0.9922659993171692
0.7529058456420898
0.7962440848350525
0.9870624542236328
0.9775241017341614
0.7629956007003784
0.646791934967041
0.9734683632850647
0.976331353187561
0.5799540877342224
0.9571106433868408
0.0
0.984742283821106
0.9897476434707642
0.7988768219947815
0.6159090995788574
0.9392461776733398
0.8390691876411438
0.9875452518463135
0.955248236656189
0.9922193884849548
0.832250714302063
0.9815101027488708
0.9519023895263672
0.838803768157959
0.8952860236167908
0.9798861742019653
0.4561717212200165
0.7518859505653381
0.9928613305091858
0.9839416742324829
0.7441643476486206
0.9844303131103516
0.9829816818237305
0.6569620370864868
0.9748510718345642
0.6022154688835144
0.322523295879364
0.99085533618927
0.9779673218727112
0.7465535402297974
0.8486500978469849
0.9890023469924927
0.8715752959251404
0.9880136847496033
0.9871855974197388
0.8479176163673401
0.8774628043174744
0.9846479296684265
0.743445634841919
0.9848706722259521
0.6229832172393799
0.6340377926826477
0.7304250597953796
0.8107622861862183
0.8040379881858826
0.9270035624504089
0.9889875054359436
0.6524021029472351
0.9826887249946594
0.9857977628707886
0.713459312915802
0.7052879929542542
0.5807946920394897
0.5838961601257324
0.9937282204627991
0.8372740149497986
0.9209622144699097
0.6148409843444824
0.7793352007865906
0.6086956858634949
0.984375
0.7038123607635498
0.9850993156433105
0.9921649098396301
0.22931897640228271
0.950710117816925
0.8780671954154968
0.9862834215164185
0.8591800332069397
0.981957733631134
0.9563459753990173
0.8413536548614502
0.7074059844017029
0.96955806016922
0.9867736101150513
0.6669619083404541
0.9841269850730896
0.9892395734786987
0.9089610576629639
0.7860230803489685
0.9893262386322021
0.9761994481086731
0.8449563980102539
0.5907444953918457
0.9734675288200378
0.968225359916687
0.9829609990119934
0.8016461133956909
0.8866307139396667
0.9860835075378418
0.9723483920097351
0.8536585569381714
0.8511768579483032
0.9694970846176147
0.9855412244796753
0.9301033020019531
0.7719574570655823
0.9432098865509033
0.9890424609184265
0.9909668564796448
0.7460792064666748
0.9064398407936096
0.982418417930603
0.9757943153381348
0.9822638034820557
0.5998389720916748
0.9313457012176514
0.9176838397979736
0.9084745645523071
0.9249512553215027
0.896592915058136
0.9814041256904602
0.9860763549804688
0.815133273601532
0.9753947257995605
0.8530020117759705
0.9885481595993042
0.9860643744468689
0.9666357636451721
0.977011501789093
0.531850278377533
0.9835212230682373
0.985027551651001
0.8810086846351624
0.9915838241577148
0.40857699513435364
0.9872193336486816
0.9793427586555481
0.9673705101013184
0.6628440022468567
0.9849398136138916
0.001098901149816811
0.9792641401290894
0.8642826080322266
0.5669153332710266
0.6800246238708496
0.9472959041595459
0.6953367590904236
0.6192851066589355
0.6356821656227112
0.34567105770111084
0.8169934749603271
0.9479848742485046
0.875810980796814
0.7174825072288513
0.9807616472244263
0.8487918972969055
0.7854040265083313
0.9844303131103516
0.6443675756454468
0.990754246711731
0.8726169466972351
0.8570201396942139
0.8140566945075989
0.9245087504386902
0.37101852893829346
0.752255380153656
0.9557235240936279
0.9756097793579102
0.9731258153915405
0.9920000433921814
0.9781070947647095
0.9782193899154663
0.0
0.9474717378616333
0.985576868057251
0.9888010621070862
0.858131468296051
0.9806891679763794
0.8622908592224121
0.9758889079093933
0.9942811131477356
0.9923884868621826
0.8099438548088074
0.6575654149055481
0.8528189659118652
0.9881725311279297
0.7567083835601807
0.7662721872329712
0.9800190329551697
0.9916579127311707
0.9854133129119873
0.9261422157287598
0.9817954301834106
0.9816372990608215
0.8053773641586304
0.9645714163780212
0.7954070568084717
0.9186046123504639
0.9776654243469238
0.4351211190223694
0.9410267472267151
0.6736841797828674
0.9727857112884521
0.9247211813926697
0.5656237006187439
0.9768611788749695
0.9483568072319031
0.9909459948539734
0.984084963798523
0.9738460779190063
0.7823889255523682
0.3533940017223358
0.9899244904518127
0.9835736155509949
0.7791648507118225
0.9867882132530212
0.9866088628768921
0.7204502820968628
0.718599796295166
0.7718762159347534
0.9774436950683594
0.9842078685760498
0.9783052802085876
0.8577512502670288
0.8003638386726379
0.6459054350852966
0.9347318410873413
0.9658013582229614
0.855233907699585
0.990310788154602
0.9260410666465759
0.9924021363258362
0.8481894731521606
0.9900198578834534
0.9916191697120667
0.9913106560707092
0.41033321619033813
0.7987920045852661
0.850455105304718
0.8244009017944336
0.5970526337623596
0.9711711406707764
0.9843872785568237
0.9891355633735657
0.6190666556358337
0.7274240851402283
0.9806295037269592
0.660475492477417
0.8253403902053833
0.9858611822128296
0.8102563619613647
0.9842679500579834
0.4397590458393097
0.9840278625488281
0.9693029522895813
0.49899259209632874
0.7901543378829956
0.8953661918640137
0.9824970960617065
0.9099557995796204
0.9864078164100647
0.5815032124519348
0.9671180248260498
0.9855461716651917
0.6272234916687012
0.8153495788574219
0.853818953037262
0.98366779088974
0.9892966151237488
0.8992455005645752
0.9857662320137024
0.9425178170204163
0.9419569373130798
0.7725162506103516
0.9940298795700073
0.7624660134315491
0.9703225493431091
0.9800316691398621
0.9571087956428528
0.990078330039978
0.6662420630455017
0.6812748908996582
0.9279887080192566
0.7777777910232544
0.9908609986305237
0.8478885293006897
0.9873729348182678
0.8095046281814575
0.731174647808075
0.9763673543930054
0.20613868534564972
0.9954751133918762
0.9454848170280457
0.4776255488395691
0.8170002698898315
0.9637120366096497
0.76429283618927
0.7477036118507385
0.876642107963562
0.9900990128517151
0.9542168974876404
0.8349436521530151
0.8449304103851318
0.5538846850395203
0.9539202451705933
0.9793103337287903
0.9886050820350647
0.8084063529968262
0.9276105165481567
0.9867021441459656
0.8145550489425659
0.9873306751251221
0.9870902895927429
0.9863247275352478
0.8544570803642273
0.9906936883926392
0.9866543412208557
0.9756273031234741
0.9777572154998779
0.9601386189460754
0.9049012660980225
0.9790419936180115
0.9758179187774658
0.8709537982940674
0.9833535552024841
0.9808428883552551
0.9470517635345459
0.7725539803504944
0.7963405251502991
0.9136335253715515
0.47089746594429016
0.8722015023231506
0.8410948514938354
0.9884703755378723
0.9782426953315735
0.8881879448890686
0.9495357275009155
0.8488284349441528
0.5592085719108582
0.6822952628135681
0.8437986373901367
0.976494312286377
0.9224318861961365
0.9847138524055481
0.7604814767837524
0.9874582886695862
0.8047668933868408
0.9850640296936035
0.6636825203895569
0.8442513346672058
0.9522084593772888
0.9830949306488037
0.9903498291969299
0.9838871955871582
0.9244011640548706
0.985531210899353
0.9839026927947998
0.7099596261978149
0.982334554195404
0.9810671806335449
0.9463276863098145
0.97686767578125
0.9707542657852173
0.7707286477088928
0.9455319046974182
0.8130882978439331
0.6932238340377808
0.9870758652687073
0.9728116393089294
0.9837368726730347
0.9830273985862732
0.9005072116851807
0.985318124294281
0.9865093231201172
0.9164192080497742
0.6966407895088196
0.7032490968704224
0.9282102584838867
0.8957093358039856
0.9186501502990723
0.8317186832427979
0.9799357056617737
0.9872753620147705
0.9884142279624939
0.7331353425979614
0.900312602519989
0.8788405656814575
0.7007508277893066
0.9885320663452148
0.9734374284744263
0.9724472761154175
0.9742710590362549
0.7910131216049194
0.9829820990562439
0.6572164297103882
0.918276309967041
0.9771490693092346
0.9496475458145142
0.6101009845733643
0.30921778082847595
0.6683029532432556
0.9867523312568665
0.9844472408294678
0.9580318331718445
0.9827238917350769
0.6248452663421631
0.7475807070732117
0.9692864418029785
0.8758620023727417
0.9615206122398376
0.9620968103408813
0.8648648858070374
0.8107427358627319
0.8226392269134521
0.7423423528671265
0.9752973318099976
0.6717909574508667
0.7868283987045288
0.0
0.7545808553695679
0.8688172101974487
0.9950284361839294
0.8696762919425964
0.7540270090103149
0.8694860935211182
0.7177243232727051
0.7848522663116455
0.5921342968940735
0.9929506182670593
0.8414074182510376
0.9262577891349792
0.9932135939598083
0.982263445854187
0.5804576873779297
0.990119218826294
0.7850162386894226
0.9832776784896851
0.8097912669181824
0.9533469080924988
0.9809020757675171
0.7358834147453308
0.9728904366493225
0.9585121273994446
0.8599766492843628
0.9858863353729248
0.9824066758155823
0.9433437585830688
0.9626373052597046
0.19119496643543243
0.6061908602714539
0.4402141571044922
0.9087551236152649
0.9734085202217102
0.9766693115234375
0.968704879283905
0.9753767251968384
0.9838957190513611
0.6566837430000305
0.9162209630012512
0.7956081032752991
0.9916998147964478
0.9873006343841553
0.7225310206413269
0.7085243463516235
0.9831324815750122
0.34689924120903015
0.9734017848968506
0.926701545715332
0.6064630746841431
0.9416136145591736
0.9487534165382385
0.4819502830505371
0.9525862336158752
0.9297177791595459
0.8340699672698975
0.9912621378898621
0.9830738306045532
0.9497954845428467
0.9786877632141113
0.953372597694397
0.3071470856666565
0.9654523134231567
0.9770354628562927
0.9300729036331177
0.9888567924499512
0.7695852518081665
0.9834938049316406
0.9750466346740723
0.9803773760795593
0.7188378572463989
0.9764388203620911
0.8365938067436218
0.9336575269699097
0.9708738327026367
0.6406515836715698
0.9783728122711182
0.8219059705734253
0.9959100484848022
0.7257384061813354
0.9605762362480164
0.9595376253128052
0.9624300003051758
0.9908324480056763
0.7862303853034973
0.3822042644023895
0.9774491786956787
0.8423058986663818
0.4730627238750458
0.9921875
0.8055555820465088
0.6115068793296814
0.933975875377655
0.9890109896659851
0.9723964929580688
0.6598870158195496
0.722741425037384
0.9809744954109192
0.9852631688117981
0.9748660922050476
0.6096339225769043
0.586258053779602
0.8728570938110352
0.9850745797157288
0.9892058372497559
0.9809330105781555
0.9881832003593445
0.7636544108390808
0.944615364074707
0.9679654240608215
0.8658574819564819
0.8967930674552917
0.7818618416786194
0.9480414986610413
0.8899153470993042
0.9059265851974487
0.9833332896232605
0.9742867350578308
0.8876611590385437
0.9697601795196533
0.9380453824996948
0.7029221057891846
0.9920424222946167
0.991111159324646
0.988477349281311
0.2804391086101532
0.5708131194114685
0.8735741376876831
0.5106006860733032
0.7430503368377686
0.979992687702179
0.9709803462028503
0.15562310814857483
0.6432890295982361
0.9467751979827881
0.7092651724815369
0.9908693432807922
0.9813432693481445
0.6557376980781555
0.9617079496383667
0.8686566948890686
0.9847247004508972
0.9755656123161316
0.8901914358139038
0.7812350392341614
0.9752065539360046
0.8681572675704956
0.8939096331596375
0.7823500037193298
0.9895414710044861
0.9904325008392334
0.9820917248725891
0.969348669052124
0.9884138703346252
0.8972858190536499
0.9768458008766174
0.9813352823257446
0.9868248105049133
0.8636692762374878
0.8582054972648621
0.9830259084701538
0.9879705905914307
0.9586182236671448
0.7198597192764282
0.8085431456565857
0.8040103316307068
0.717930018901825
0.7948843836784363
0.9919210076332092
0.9687349200248718
0.982680082321167
0.9816666841506958
0.9888768792152405
0.9892224669456482
0.9899159073829651
0.9631833434104919
0.1914762407541275
0.31321972608566284
0.9865771532058716
0.9287749528884888
0.7535770535469055
0.4647749662399292
0.98711758852005
0.7329679131507874
0.3621659576892853
0.6182251572608948
0.9818181991577148
0.931289553642273
0.9863014221191406
0.7501349449157715
0.9678854942321777
0.9640287160873413
0.9772867560386658
0.9757331013679504
0.8742690086364746
0.974986732006073
0.8186812996864319
0.8034781813621521
0.7159177660942078
0.9810712337493896
0.980186939239502
0.9785407781600952
0.9840516448020935
0.904109537601471
0.9799476861953735
0.725797712802887
0.9821859002113342
0.5992390513420105
0.9758256673812866
0.9874753355979919
0.9697157144546509
0.9259536266326904
0.9875333905220032
0.7936731576919556
0.8225182294845581
0.8466002941131592
0.6437840461730957
0.9840463995933533
0.9693343043327332
0.624640166759491
0.9792722463607788
0.5766174793243408
0.7129113674163818
0.6259542107582092
0.9663582444190979
0.979558527469635
0.7602905035018921
0.9056087136268616
0.587087094783783
0.7634973526000977
0.6709829568862915
0.9537692666053772
0.9847596287727356
0.9684372544288635
0.6773572564125061
0.9875409603118896
0.9844789505004883
0.9845252633094788
0.705376386642456
0.6949883699417114
0.6549472808837891
0.9582955241203308
0.5328892469406128
0.792569637298584
0.9830630421638489
0.8661064505577087
0.9750829935073853
0.9549944400787354
0.9710983037948608
0.9844166040420532
0.9543988704681396
0.992360532283783
0.9918758869171143
0.9784244894981384
0.9772063493728638
0.9734219312667847
0.6030640602111816
0.8364514112472534
0.9706122279167175
0.979643702507019
0.9765990376472473
0.9559939503669739
0.9896465539932251
0.989145815372467
0.9635782837867737
0.6232050061225891
0.9850454926490784
0.9881656765937805
0.9108687043190002
0.9823499321937561
0.9869215488433838
0.5102599263191223
0.9792677760124207
0.9846526384353638
0.8085950016975403
0.9845440983772278
0.8896944522857666
0.9530026316642761
0.5519971251487732
0.7127363085746765
0.750899612903595
0.9884413480758667
0.8817384243011475
0.7974446415901184
0.8503836393356323
0.6661780476570129
0.8007117509841919
0.9725111126899719
0.9857937097549438
0.5303398370742798
0.8404300808906555
0.8099585175514221
0.9850373864173889
0.9926402568817139
0.8513794541358948
0.812158465385437
0.6108238101005554
0.817427396774292
0.9412887692451477
0.9836588501930237
0.9702422618865967
0.9929442405700684
0.9835948348045349
0.9897540807723999
0.9914610981941223
0.786342442035675
0.9188144207000732
0.9896994829177856
0.4545454680919647
0.7488760352134705
0.39603176712989807
0.9695473909378052
0.9846483469009399
0.406466543674469
0.9888512492179871
0.9964412450790405
0.002752293599769473
0.9801324605941772
0.7377956509590149
0.6927422881126404
0.6430140733718872
0.9884566068649292
0.9859343767166138
0.9856616258621216
0.9510284066200256
0.7976347208023071
0.9850745797157288
0.9618942737579346
0.5097101926803589
0.9901710748672485
0.9858255982398987
0.9948031902313232
0.9824139475822449
0.9831709265708923
0.8169364929199219
0.4726027548313141
0.9368827939033508
0.763861894607544
0.8649916648864746
0.9234136343002319
0.9905137419700623
0.8346503973007202
0.8953941464424133
0.9356014728546143
0.9911914467811584
0.9755274653434753
0.9864332675933838
0.8251748085021973
0.9494950175285339
0.6224066615104675
0.9734694361686707
0.4527098536491394
0.9881487488746643
0.7040448784828186
0.37464675307273865
0.9834596514701843
0.9683021903038025
0.9798339605331421
0.5619533658027649
0.9272140264511108
0.9083297848701477
0.9784119725227356
0.9366254806518555
0.6949620842933655
0.8632509708404541
0.9735636115074158
0.9876953959465027
0.97999107837677
0.9443573951721191
0.9535898566246033
0.9800960421562195
0.9717726707458496
0.8841339945793152
0.7197831869125366
0.9687358140945435
0.9893655776977539
0.9879760146141052
0.9802027940750122
0.9426751732826233
0.9349930882453918
0.9899448156356812
0.9051620960235596
0.6983349919319153
0.9725220799446106
0.8269469141960144
0.9509899616241455
0.47272729873657227
0.9379532337188721
0.6929577589035034
0.8748685121536255
0.946319043636322
0.9827396273612976
0.9628900289535522
0.9689890742301941
0.0
0.9878883361816406
0.9894944429397583
0.9834710359573364
0.9806950092315674
0.7204553484916687
0.8389570713043213
0.9938881397247314
0.9758453369140625
0.9886296391487122
0.9766667485237122
0.6712995171546936
0.993694007396698
0.9871603846549988
0.9836734533309937
0.8808347582817078
0.9432241916656494
0.7315958142280579
0.9870129823684692
0.9229180216789246
0.4558771252632141
0.9858490824699402
0.9840947389602661
0.9092848896980286
0.7744418978691101
0.977949321269989
0.9668078422546387
0.9772807359695435
0.6354210376739502
0.957362949848175
0.9864938259124756
0.9853300452232361
0.6183980703353882
0.7192546725273132
0.9826715588569641
0.9809921383857727
0.9802289009094238
0.5794183611869812
0.9903121590614319
0.6967508792877197
0.24444444477558136
0.7929902076721191
0.7628667950630188
0.9635934233665466
0.9144486784934998
0.9541864395141602
0.9792359471321106
0.9889775514602661
0.9846032857894897
0.9822012186050415
0.7354612946510315
0.9164420962333679
0.9595038890838623
0.6132352352142334
0.7362784147262573
0.750683069229126
0.8485484719276428
0.3584415316581726
0.8848122358322144
0.9822485446929932
0.668644905090332
0.948194682598114
0.9736308455467224
0.5752688050270081
0.8943146467208862
0.9870376586914062
0.9882729053497314
0.9848606586456299
0.9897697567939758
0.7768042683601379
0.9612085819244385
0.7093154191970825
0.9717918038368225
0.891009509563446
0.5984113216400146
0.9141615033149719
0.6823356747627258
0.9871529936790466
0.974736213684082
0.8466716408729553
0.6329206228256226
0.9585418105125427
0.9864864945411682
0.9776490330696106
0.9862258434295654
0.9737233519554138
0.9870610237121582
0.9770992994308472
0.9862174391746521
0.982434093952179
0.6859623789787292
0.9798302054405212
0.7297534942626953
0.8878591656684875
0.9505783915519714
0.8136619329452515
0.8763789534568787
0.9828850626945496
0.7332339882850647
0.7905786037445068
0.9781022071838379
0.6544864177703857
0.24198776483535767
0.9859256148338318
0.979547917842865
0.7946768403053284
0.621332049369812
0.9491378664970398
0.6468179821968079
0.9792766571044922
0.8351647257804871
0.7214611768722534
0.843593955039978
0.7488317489624023
0.49531325697898865
0.9340540170669556
0.9588537216186523
0.9574254155158997
0.9863580465316772
0.8018697500228882
0.987474799156189
0.6650294661521912
0.9410808682441711
0.8476632833480835
0.45374244451522827
0.7254763841629028
0.9802744388580322
0.8057259917259216
0.9851968288421631
0.9815573692321777
0.9698836803436279
0.9614561200141907
0.972551703453064
0.5465602278709412
0.909314751625061
0.06109022721648216
0.5758039951324463
0.9839655160903931
0.7906976938247681
0.8736212253570557
0.9803656339645386
0.5138248801231384
0.9271954894065857
0.9732246994972229
0.3150392174720764
0.9822424650192261
0.6465228199958801
0.9782040119171143
0.8597132563591003
0.784360945224762
0.6164324879646301
0.7117082476615906
0.9747145175933838
0.8551281690597534
0.8308314085006714
0.9052729606628418
0.9902280569076538
0.3636363446712494
0.9778655767440796
0.7951939105987549
0.9835945963859558
0.946093738079071
0.9897410869598389
0.9793005585670471
0.9736756682395935
0.8328047394752502
0.581786036491394
0.601404070854187
0.8175182938575745
0.5828476548194885
0.9858700037002563
0.8203389644622803
0.9810017347335815
0.9657533764839172
0.9734448790550232
0.6230425238609314
0.9821717739105225
0.9792829155921936
0.9822161793708801
0.892836332321167
0.9867046475410461
0.8652591705322266
0.8295857906341553
0.9366306066513062
0.9844341278076172
0.5593219995498657
0.982545793056488
0.8771331310272217
0.8623853325843811
0.9925557971000671
0.7112879753112793
0.9853658080101013
0.7535496950149536
0.9911426305770874
0.4686109721660614
0.979658305644989
0.9838524460792542
0.9553214311599731
0.8124999403953552
0.9818913340568542
0.5893300175666809
0.9871309995651245
0.9879999756813049
0.9828926920890808
0.9718719720840454
0.9848261475563049
0.7842892408370972
0.9728394150733948
0.779151976108551
0.5757575631141663
0.7318224906921387
0.9765258431434631
0.6169206500053406
0.968847393989563
0.5444766283035278
0.956001341342926
0.9780883193016052
0.6152064800262451
0.9815321564674377
0.9523502588272095
0.9897233247756958
0.7932414412498474
0.6601018309593201
0.9825072884559631
0.9714022278785706
0.7858244180679321
0.9891355633735657
0.9774256944656372
0.9832935929298401
0.9795644879341125
0.9606359004974365
0.9850746393203735
0.9917231798171997
0.9870234727859497
0.9855072498321533
0.9467499256134033
0.8360034823417664
0.9866666197776794
0.7133881449699402
0.8912547826766968
0.902532160282135
0.7168011665344238
0.9216216206550598
0.9904030561447144
0.8049139976501465
0.9243535995483398
0.9889923930168152
0.9795709848403931
0.9865908622741699
0.8899280428886414
0.9926769733428955
0.9607927799224854
0.9912649393081665
0.5222490429878235
0.48712870478630066
0.9753797650337219
0.8078175783157349
0.9483667612075806
0.5918119549751282
0.9817209243774414
0.9788423180580139
0.9737171530723572
0.9917080998420715
0.9795373678207397
0.8585607409477234
0.6741573214530945
0.9908180832862854
0.9848072528839111
0.8201754093170166
0.9910714030265808
0.9879969358444214
0.8906104564666748
0.5203095078468323
0.9693356156349182
0.8993069529533386
0.9901316165924072
0.9844852089881897
0.992827832698822
0.9813255667686462
0.9533306956291199
0.708226203918457
0.7459583878517151
0.8168280124664307
0.6218181848526001
0.9793814420700073
0.9644405841827393
0.7501071095466614
0.9823874831199646
0.9443860650062561
0.7798362970352173
0.7018083930015564
0.9944443702697754
0.9314874410629272
0.9770318269729614
0.9888843297958374
0.8767772316932678
0.9360544085502625
0.9867578744888306
0.9902740716934204
0.9772815108299255
0.30573251843452454
0.9851030111312866
0.8237116932868958
0.9884443879127502
0.6774519681930542
0.9884963035583496
0.9738412499427795
0.9841867089271545
0.9806919693946838
0.9867225289344788
0.9192959070205688
0.8854761123657227
0.8033222556114197
0.9822732210159302
0.9877854585647583
0.9529895186424255
0.28686174750328064
0.9505041241645813
0.7776349782943726
0.8587878942489624
0.9607251286506653
0.6336112022399902
0.8182621002197266
0.9108847975730896
0.9876747131347656
0.9568372368812561
0.5757121443748474
0.9586105346679688
0.9790046811103821
0.9865612983703613
0.5775638222694397
0.925868809223175
0.9790970683097839
0.9849179983139038
0.9894419312477112
0.9928721189498901
0.9840610027313232
0.9599695205688477
0.9574467539787292
0.6054784655570984
0.9875041842460632
0.7550675868988037
0.9527027010917664
0.9888309240341187
0.9834645986557007
0.9892058372497559
0.9848693609237671
0.496135413646698
0.8376925587654114
0.771730899810791
0.9732183218002319
0.3280085325241089
0.9755470156669617
0.4534883499145508
0.9653578996658325
0.7666345238685608
0.9548292756080627
0.9863579273223877
0.986116886138916
0.7632150053977966
0.43824025988578796
0.6685737371444702
0.9862005710601807
0.6149217486381531
0.9782376289367676
0.9870474338531494
0.9793636798858643
0.4459398686885834
0.9578947424888611
0.8245032429695129
0.8706752061843872
0.3960498869419098
0.9823009371757507
0.9796460270881653
0.9415929913520813
0.9889025688171387
0.35361841320991516
0.9786150455474854
0.8462393879890442
0.8029707074165344
0.9889240264892578
0.9559147357940674
0.9596690535545349
0.9294382333755493
0.606340765953064
0.9911242723464966
0.8387097120285034
0.8160703182220459
0.9844047427177429
0.8445476293563843
0.8434121608734131
0.9857357144355774
0.9691793322563171
0.7271750569343567
0.5926573276519775
0.5895564556121826
0.9126328229904175
0.9719157814979553
0.9874551892280579
0.9816544055938721
0.7719465494155884
0.6138782501220703
0.8137724995613098
0.704593300819397
0.9537599086761475
0.7594463229179382
0.9078549742698669
0.9862164258956909
0.7985436916351318
0.789207398891449
0.9913753867149353
0.35867446660995483
0.9194896817207336
0.8602419495582581
0.9875640273094177
0.9794721007347107
0.8226897120475769
0.9826534986495972
0.9090908765792847
0.9391588568687439
0.7961832284927368
0.33483847975730896
0.7600458860397339
0.9806451201438904
0.9665480852127075
0.9152035713195801
0.746181309223175
0.9815068244934082
0.9561712741851807
0.7953426241874695
0.885412871837616
0.6330708861351013
0.9223076701164246
0.859355628490448
0.9906541705131531
0.9817906618118286
0.9471989274024963
0.9892613291740417
0.9540635943412781
0.9805556535720825
0.8397976756095886
0.9539887309074402
0.9605122208595276
0.9766014814376831
0.7350369691848755
0.9832651615142822
0.8233868479728699
0.4506353437900543
0.9831326007843018
0.9817813634872437
0.31044432520866394
0.9789814352989197
0.654941976070404
0.7766258120536804
0.7358708381652832
0.6890308856964111
0.902482271194458
0.8086735010147095
0.9803299307823181
0.9789813160896301
0.8042016625404358
0.9576795101165771
0.9886316061019897
0.848739504814148
0.9621710181236267
0.7952167391777039
0.5770028829574585
0.984977662563324
0.9749360680580139
0.9351372718811035
0.8023690581321716
0.9912281036376953
0.9736571311950684
0.8357902765274048
0.8279788494110107
0.9706994295120239
0.9688073396682739
0.7179883718490601
0.835654616355896
0.7219730615615845
0.9872989654541016
0.9839816689491272
0.5935121774673462
0.5243242979049683
0.9721294045448303
0.7740652561187744
0.9197324514389038
0.5616921186447144
0.9891911745071411
0.6352022290229797
0.7398971319198608
0.9848546981811523
0.9840795993804932
0.9225305914878845
0.9768399596214294
0.9857339859008789
0.9832310080528259
0.9256104230880737
0.6431925296783447
0.9193384647369385
0.9238200783729553
0.9840638041496277
0.9343569874763489
0.8911312222480774
0.9825783967971802
0.6570857763290405
0.957769513130188
0.9001415967941284
0.9860996603965759
0.9887149333953857
0.9803505539894104
0.9851925373077393
0.8158490657806396
0.8436555862426758
0.7774204611778259
0.981777548789978
0.9792767763137817
0.9029344916343689
0.8495652079582214
0.5919413566589355
0.7810292840003967
0.9893288016319275
0.9805238842964172
0.9853248596191406
0.9721845388412476
0.9138363003730774
0.5748502612113953
0.9854088425636292
0.8956066370010376
0.8541312217712402
0.9224612712860107
0.9841269850730896
0.9852941632270813
0.8278661370277405
0.9821862578392029
0.9886363744735718
0.738284707069397
0.6588868498802185
0.9814126491546631
0.8804440498352051
0.9845575094223022
0.942745566368103
0.9871214628219604
0.7047010064125061
0.978723406791687
0.9819234013557434
0.5205479860305786
0.9143364429473877
0.988235354423523
0.9797022938728333
0.9576613306999207
0.8067061305046082
0.6809523701667786
0.5106382966041565
0.9766838550567627
0.983259916305542
0.81397545337677
0.8019230365753174
0.43239280581474304
0.8825594782829285
0.9520295262336731
0.9882904887199402
0.8296703100204468
0.938511312007904
0.9784367084503174
0.9827814698219299
0.9202312231063843
0.9918290376663208
0.9527679085731506
0.801945149898529
0.982758641242981
0.9873088598251343
0.9891050457954407
0.9233576655387878
0.9462092518806458
0.8308091759681702
0.6872246861457825
0.9855716228485107
0.9711208939552307
0.6143232583999634
0.9919571280479431
0.9430779814720154
0.972352147102356
0.8550724387168884
0.9702349901199341
0.9847287535667419
0.8478606343269348
0.9843860864639282
0.836561381816864
0.8275174498558044
0.9825159311294556
0.9488372206687927
0.9851521253585815
0.9711650013923645
0.799667477607727
0.809682309627533
0.9896782040596008
0.802241325378418
0.5451139807701111
0.9832552075386047
0.9893617033958435
0.9099954962730408
0.9674267172813416
0.9740145802497864
0.9296157956123352
0.9673110246658325
0.8243774771690369
0.7446627020835876
0.9874404668807983
0.9899880290031433
0.9270767569541931
0.9872013330459595
0.9660958051681519
0.7633705139160156
0.779552698135376
0.5210191011428833
0.9667624235153198
0.3973509669303894
0.9459227323532104
0.8295493125915527
0.9788796901702881
0.988444447517395
0.9440168142318726
0.9164476990699768
0.9862218499183655
0.981056809425354
0.9862490296363831
0.6564682126045227
0.9731801152229309
0.7242205739021301
0.6973344683647156
0.9316918253898621
0.9802318215370178
0.93359375
0.780701756477356
0.9875754714012146
0.8060606122016907
0.9854406118392944
0.6121979355812073
0.6379425525665283
0.9823698401451111
0.8037612438201904
0.31031161546707153
0.7250643968582153
0.9735202789306641
0.9636294841766357
0.9589684009552002
0.8782687187194824
0.7633175849914551
0.9716445803642273
0.402362197637558
0.6921194195747375
0.9429133534431458
0.9810321927070618
0.9804878234863281
0.9534797072410583
0.9826087355613708
0.9845054149627686
0.8235747814178467
0.9856775403022766
0.9767622351646423
0.8119551539421082
0.7594469785690308
0.7970243692398071
0.8308658599853516
0.9693502187728882
0.9805352687835693
0.9863120913505554
0.9544000625610352
0.9927536249160767
0.9723970293998718
0.851946234703064
0.9837494492530823
0.717018187046051
0.9861918687820435
0.7787114977836609
0.8576434850692749
0.8067484498023987
0.9748406410217285
0.5993803143501282
0.6447716355323792
0.9614587426185608
0.9844398498535156
0.979200005531311
0.9179131984710693
0.9886572360992432
0.9537036418914795
0.975831925868988
0.9837603569030762
0.989558219909668
0.5572953820228577
0.6829971075057983
0.9803044199943542
0.7143821716308594
0.9906803369522095
0.8454746007919312
0.8078261017799377
0.9164448976516724
0.98781418800354
0.8191152811050415
0.9798598885536194
0.9927884340286255
0.977960467338562
0.6274510025978088
0.8314321637153625
0.1735089123249054
0.40904489159584045
0.8562451004981995
0.6785998344421387
0.9902088642120361
0.7807190418243408
0.9923710823059082
0.9849108457565308
0.8438278436660767
0.9869307279586792
0.9645714163780212
0.6752638220787048
0.9812273383140564
0.9865815043449402
0.7487832903862
0.9473684430122375
0.9785289764404297
0.9368237257003784
0.9712197184562683
0.8471133708953857
0.7292644381523132
0.9897285103797913
0.6532472968101501
0.6842465400695801
0.9886707663536072
0.8741878271102905
0.9909456968307495
0.8053746223449707
0.9810938239097595
0.9937332272529602
0.9276338219642639
0.772341787815094
0.7908836007118225
0.9660742878913879
0.6389477849006653
0.9884393215179443
0.8679085373878479
0.9943366050720215
0.892788827419281
0.9715785384178162
0.8301737308502197
0.9225091934204102
0.8206121921539307
0.9716023802757263
0.9679715037345886
0.9760182499885559
0.9831355214118958
0.6906906962394714
0.9932513236999512
0.8721030354499817
0.9711204767227173
0.9867452383041382
0.822857141494751
0.8325732946395874
0.986821711063385
0.8978165984153748
0.798353910446167
0.6611655354499817
0.9900897145271301
0.5118483304977417
0.8674562573432922
0.7155240774154663
0.9709848761558533
0.9826040863990784
0.6640141606330872
0.813043475151062
0.7118512392044067
0.8648648262023926
0.95652174949646
0.6017240881919861
0.9851201772689819
0.9832133650779724
0.9327943325042725
0.8813860416412354
0.9140931963920593
0.6022424101829529
0.8805433511734009
0.9915639162063599
0.9805097579956055
0.9513201117515564
0.9877111315727234
0.8643260598182678
0.7743486762046814
0.8042105436325073
0.9898697137832642
0.8344852328300476
0.8916967511177063
0.6169683933258057
0.46987950801849365
0.4220079481601715
0.5611967444419861
0.964678168296814
0.9781382083892822
0.7623421549797058
0.9858156442642212
0.48866212368011475
0.9873325228691101
0.6145939826965332
0.9667221307754517
0.5883597731590271
0.9375646710395813
0.9528636932373047
0.977817177772522
0.983203649520874
0.9803523421287537
0.9859459400177002
0.9005897641181946
0.9849557876586914
0.7708104252815247
0.4844868779182434
0.986810564994812
0.8497344851493835
0.9534731507301331
0.9703361988067627
0.5596196055412292
0.7148253321647644
0.991247296333313
0.9761832356452942
0.9860935807228088
0.7887740135192871
0.711508572101593
0.9944882392883301
0.8272092342376709
0.9000793099403381
0.8609448075294495
0.6502006649971008
0.6106442809104919
0.6309908628463745
0.9472019672393799
0.44751664996147156
0.9793702363967896
0.9849624633789062
0.9140127301216125
0.9769949316978455
0.8966927528381348
0.5743644833564758
0.7678868770599365
0.8254847526550293
0.9727127552032471
0.9659355878829956
0.9834201335906982
0.8891687989234924
0.2853204607963562
0.874953031539917
0.9818313121795654
0.9807755351066589
0.9767903685569763
0.7352162599563599
0.875
0.9776120185852051
0.9834087491035461
0.9838274717330933
0.9620252847671509
0.850964367389679
0.6796561479568481
0.6334770321846008
0.9774497747421265
0.5693240761756897
0.9063290953636169
0.7241500020027161
0.920369565486908
0.9728415608406067
0.7593622207641602
0.4479209780693054
0.908656120300293
0.99216228723526
0.9842932224273682
0.8221343755722046
0.45404914021492004
0.7620553374290466
0.9879769682884216
0.9790557622909546
0.9095764756202698
0.9888316988945007
0.7727498412132263
0.7747880220413208
0.9311376810073853
0.4364852011203766
0.6284053325653076
0.9816297292709351
0.9834983944892883
0.9855072498321533
0.939393937587738
0.6254545450210571
0.9691402912139893
0.4144609570503235
0.9823824763298035
0.9894309043884277
0.8851868510246277
0.9749399423599243
0.682539701461792
0.9029344916343689
0.964398980140686
0.8474721312522888
0.6476578712463379
0.8332303762435913
0.7130296230316162
0.8131125569343567
0.9876190423965454
0.987354040145874
0.9819208979606628
0.9688196778297424
0.8546762466430664
0.9914719462394714
0.7766823172569275
0.9882668852806091
0.5633676648139954
0.9867647290229797
0.9654228091239929
0.7244150042533875
0.9398148655891418
0.9807354807853699
0.9675735235214233
0.992082417011261
0.7981618642807007
0.9044025540351868
0.9872902631759644
0.9615048170089722
0.9897310137748718
0.9690485000610352
0.9762611389160156
0.9894325137138367
0.9551495313644409
0.9946237206459045
0.6538289189338684
0.990284264087677
0.48605579137802124
0.9792597889900208
0.907459020614624
0.9385203719139099
0.9168781638145447
0.9294362664222717
0.9714518189430237
0.6675567626953125
0.9374517202377319
0.8645235300064087
0.9829432964324951
0.9837313890457153
0.8806481957435608
0.9621530771255493
0.9904409050941467
0.9529175162315369
0.9500589966773987
0.9898990392684937
0.5528017282485962
0.8697813153266907
0.9864481091499329
0.9846046566963196
0.974697470664978
0.8364644050598145
0.9766847491264343
0.9740163683891296
0.9828444719314575
0.9892473220825195
0.7153284549713135
0.8743306994438171
0.9876203536987305
0.9868937730789185
0.9862442016601562
0.9726642966270447
0.7540453672409058
0.7826332449913025
0.9766372442245483
0.9827715158462524
0.9309358596801758
0.9856345057487488
0.9639278650283813
0.7828618884086609
0.8377895951271057
0.9907987117767334
0.9881293177604675
0.9829457402229309
0.709928572177887
0.9840837121009827
0.9624373912811279
0.9786809682846069
0.9858357310295105
0.9907321929931641
0.9696465730667114
0.8822553753852844
0.7393752932548523
0.7683168053627014
0.8580576181411743
0.9956870079040527
0.9837539792060852
0.8919271230697632
0.8651785850524902
0.9773030281066895
0.9722104072570801
0.5330674648284912
0.7034749388694763
0.8609603643417358
0.6726683378219604
0.9902632236480713
0.844859778881073
0.9746348857879639
0.9436342120170593
0.8779385089874268
0.9809301495552063
0.9859665036201477
0.7428570985794067
0.7993730902671814
0.9862579703330994
0.7081993818283081
0.9709911346435547
0.541647732257843
0.937555730342865
0.32481059432029724
0.984375
0.49354588985443115
0.7104722261428833
0.8404508829116821
0.9807692170143127
0.8946540951728821
0.6626462936401367
0.8460038304328918
0.9757023453712463
0.6070439219474792
0.8149688243865967
0.8520047068595886
0.9864587783813477
0.9857141971588135
0.9772535562515259
0.8026548624038696
0.366666704416275
0.4901960790157318
0.8152866363525391
0.888257622718811
0.6949483156204224
0.8082691431045532
0.815674901008606
0.772260308265686
0.8239999413490295
0.9700840711593628
0.9774669408798218
0.9772135615348816
0.9661093950271606
0.7113043665885925
0.9904848337173462
0.9500000476837158
0.9767597913742065
0.9805639386177063
0.7086207270622253
0.5332005620002747
0.8408986926078796
0.6374202966690063
0.7413394451141357
0.8808049559593201
0.9873506426811218
0.5943580269813538
0.6090961694717407
0.983173131942749
0.9696473479270935
0.9854385852813721
0.9896565079689026
0.9839915037155151
0.893797755241394
0.985568642616272
0.981777548789978
0.5800697803497314
0.8367928266525269
0.38091182708740234
0.7458534240722656
0.1767328828573227
0.8593322038650513
0.9885738492012024
0.9368053078651428
0.9869883060455322
0.8405523896217346
0.9883971214294434
0.9427103996276855
0.9855073094367981
0.8260869383811951
0.9763513207435608
0.9563735127449036
0.947715163230896
0.8629441261291504
0.9060133695602417
0.8871745467185974
0.5598705410957336
0.7067819237709045
0.9755447506904602
0.844788670539856
0.9523404240608215
0.9780018329620361
0.9121706485748291
0.6889031529426575
0.9901362061500549
0.7173912525177002
0.9880443811416626
0.9189620614051819
0.6619817018508911
0.9785495400428772
0.6178861856460571
0.9814453125
0.6520000100135803
0.977443516254425
0.9906058311462402
0.7811764478683472
0.9804064035415649
0.8200934529304504
0.9897435903549194
0.6229923367500305
0.5776892900466919
0.5060379505157471
0.9799690842628479
0.9805997014045715
0.9857244491577148
0.38062578439712524
0.7749401330947876
0.8397267460823059
0.234598308801651
0.7533584237098694
0.8918308019638062
0.9848600029945374
0.7050433158874512
0.6062873601913452
0.9244851469993591
0.5588235259056091
0.9840620756149292
0.9846516251564026
0.9468598365783691
0.5539281368255615
0.8905410766601562
0.5830721259117126
0.8762051463127136
0.9831483960151672
0.9836521744728088
0.9827516078948975
0.9794476628303528
0.9301204681396484
0.9884763360023499
0.9867925047874451
0.9825102686882019
0.978461503982544
0.9819004535675049
0.9835430383682251
0.9808081388473511
0.98219233751297
0.9748549461364746
0.9595192670822144
0.9343811869621277
0.8761394619941711
0.8397212028503418
0.9901160597801208
0.9869859218597412
0.8376560807228088
0.9873623847961426
0.5450121760368347
0.8393442630767822
0.9801424145698547
0.897723376750946
0.9555555582046509
0.7165918946266174
0.9767999649047852
0.9538580775260925
0.8249370455741882
0.6235816478729248
0.9782293438911438
0.5829025506973267
0.6477916240692139
0.681276798248291
0.8167939186096191
0.9779950976371765
0.9503438472747803
0.7466150522232056
0.9798349738121033
0.8467704057693481
0.9894419312477112
0.763756513595581
0.9892026782035828
0.9770395159721375
0.9889150261878967
0.6155378818511963
0.9698078632354736
0.9819494485855103
0.9856322407722473
0.9896736145019531
0.9690091609954834
0.9824561476707458
0.32680198550224304
0.9822256565093994
0.9142374396324158
0.9886364340782166
0.8567389249801636
0.9791802763938904
0.928757905960083
0.8009015917778015
0.9869601130485535
0.9755058884620667
0.9640374779701233
0.6090909242630005
0.769756555557251
0.986382007598877
0.9746251702308655
0.9837468266487122
0.926174521446228
0.9892367720603943
0.9929162263870239
0.9576719403266907
0.6857756972312927
0.8102563619613647
0.9862005114555359
0.7659574747085571
0.9877934455871582
0.7232515811920166
0.9773513078689575
0.9242311120033264
0.974155068397522
0.43889617919921875
0.713006854057312
0.8448442220687866
0.9787426590919495
0.45221444964408875
0.6221619844436646
0.9822129011154175
0.9422937035560608
0.45994833111763
0.3949553966522217
0.9294561147689819
0.8946306109428406
0.5750269889831543
0.7786774635314941
0.22836537659168243
0.9522666335105896
0.9613034725189209
0.9679669737815857
0.97821444272995
0.974463701248169
0.8794763088226318
0.6220095753669739
0.8742321133613586
0.9922692179679871
0.9584799408912659
0.8132950663566589
0.9759826064109802
0.9677679538726807
0.9888712167739868
0.9908003807067871
0.9861867427825928
0.9855072498321533
0.9828667640686035
0.8853099346160889
0.9766606688499451
0.9942028522491455
0.7511618137359619
0.9814345836639404
0.8308115601539612
0.46707043051719666
0.9791855216026306
0.0
0.9376816153526306
0.9828889966011047
0.9808917045593262
0.9729921221733093
0.9846913814544678
0.9541283845901489
0.5958632230758667
0.9856888055801392
0.8207588195800781
0.5548862218856812
0.8996008634567261
0.9845150709152222
0.9801055192947388
0.7325581312179565
0.8618181347846985
0.9922959208488464
0.6242545247077942
0.9929137229919434
0.7833430767059326
0.9630376100540161
0.9603880643844604
0.8521126508712769
0.9323867559432983
0.9786010384559631
0.9484878778457642
0.9741847515106201
0.9927132725715637
0.6167502999305725
0.9668110013008118
0.9491525888442993
0.9851337671279907
0.9884368181228638
0.8678616285324097
0.8352490663528442
0.9856262803077698
0.6073963046073914
0.5554642677307129
0.9871845245361328
0.19114767014980316
0.9653379321098328
0.9521036148071289
0.9792085886001587
0.9187934994697571
0.7174292802810669
0.6497005820274353
0.9834744334220886
0.9784436225891113
0.9813414812088013
0.7859424948692322
0.308080792427063
0.9815950989723206
0.8097050189971924
0.7019264698028564
0.9844733476638794
0.98603755235672
0.975115180015564
0.9677851796150208
0.8669090270996094
0.9866887927055359
0.7045137286186218
0.8160454034805298
0.944866955280304
0.6750423908233643
0.8716145157814026
0.7978581190109253
0.9825641512870789
0.9440096020698547
0.9892802834510803
0.8955453038215637
0.47790974378585815
0.40274205803871155
0.6753968596458435
0.9777777791023254
0.843664288520813
0.9791920781135559
0.9870038628578186
0.48011675477027893
0.960595428943634
0.9814432859420776
0.7561361789703369
0.6220647096633911
0.7615683078765869
0.5215348601341248
0.9411162734031677
0.9788784384727478
0.9864319562911987
0.9598050713539124
0.44104135036468506
0.810620903968811
0.9909910559654236
0.990729570388794
0.975836455821991
0.8623629808425903
0.8567283153533936
0.9667866826057434
0.9790091514587402
0.9404861330986023
0.58203125
0.5895636081695557
0.7981574535369873
0.8917568922042847
0.9686706066131592
0.9708418846130371
0.8983107209205627
0.9869130253791809
0.4027993977069855
0.7835140824317932
0.9569482803344727
0.8805491328239441
0.9735495448112488
0.5773987174034119
0.9767834544181824
0.9831973314285278
0.5159867405891418
0.5310541391372681
0.987402081489563
0.9905838370323181
0.987432599067688
0.9886363744735718
0.9544256925582886
0.8119164109230042
0.9130060076713562
0.8612892627716064
0.9113149642944336
0.9903692007064819
0.9035881757736206
0.9802088141441345
0.9904221296310425
0.3497053384780884
0.8501003384590149
0.7566807270050049
0.883687436580658
0.9310973286628723
0.9767779111862183
0.7797063589096069
0.9048020839691162
0.8855850100517273
0.7937608361244202
0.6661941409111023
0.8493250012397766
0.8195793032646179
0.9803921580314636
0.9180176258087158
0.9068763256072998
0.8671140670776367
0.9735099673271179
0.9859363436698914
0.9514562487602234
0.5929984450340271
0.7960132956504822
0.9841954112052917
0.9839063882827759
0.7763515710830688
0.9845344424247742
0.6160942912101746
0.9004931449890137
0.9850963950157166
0.9835782051086426
0.7001455426216125
0.8594984412193298
0.9785223603248596
0.8986415266990662
0.9644634127616882
0.9883954524993896
0.9896497130393982
0.639769434928894
0.9751712679862976
0.9774033427238464
0.6445272564888
0.2887168228626251
0.9758421182632446
0.9605095982551575
0.9235941767692566
0.9451371431350708
0.9811980724334717
0.9199037551879883
0.8048620223999023
0.9778096079826355
0.9744214415550232
0.969809889793396
0.7829923629760742
0.9300441741943359
0.970927894115448
0.98699951171875
0.908839762210846
0.6875
0.5745587348937988
0.9872480034828186
0.7543252110481262
0.8494815826416016
0.983697772026062
0.960391640663147
0.9513863921165466
0.9802789688110352
0.9794809222221375
0.8125489950180054
0.9666930437088013
0.9875311255455017
0.9901808500289917
0.9492754340171814
0.9856573939323425
0.9766473174095154
0.6310272812843323
0.8682815432548523
0.04816053435206413
0.9876961708068848
0.9815303087234497
0.7716876268386841
0.659803032875061
0.804494321346283
0.6593406796455383
0.989533007144928
0.9618391394615173
0.9656766057014465
0.8252148628234863
0.8239974975585938
0.35796764492988586
0.6153846383094788
0.9857353568077087
0.9703640937805176
0.9865384697914124
0.9869281649589539
0.8563635945320129
0.6287878751754761
0.6515495181083679
0.97808438539505
0.9922665357589722
0.9852369427680969
0.9848942160606384
0.8756581544876099
0.6742751002311707
0.9865509867668152
0.916832447052002
0.5851938724517822
0.8599137663841248
0.9901685118675232
0.8806748986244202
0.9779704213142395
0.9834087491035461
0.9814298748970032
0.9839572310447693
0.7830226421356201
0.986270010471344
0.985086977481842
0.24853801727294922
0.9615110754966736
0.9930883646011353
0.8899773359298706
0.9865021109580994
0.984284520149231
0.9916398525238037
0.9874507188796997
0.9961314797401428
0.3234323561191559
0.8130981922149658
0.9771528840065002
0.9176309704780579
0.7117296457290649
0.3793688714504242
0.6649296879768372
0.9852713942527771
0.6213172078132629
0.8827077746391296
0.7891409993171692
0.9775475859642029
0.9842520356178284
0.972865641117096
0.831626832485199
0.8509898781776428
0.8056584596633911
0.9130060076713562
0.9890109300613403
0.6809965968132019
0.9650959968566895
0.7888339161872864
0.9153335690498352
0.9445676207542419
0.9868035316467285
0.975357711315155
0.6302874088287354
0.08445531874895096
0.9065370559692383
0.9807577133178711
0.977598249912262
0.7424821853637695
0.6610089540481567
0.9845702052116394
0.9116840362548828
0.847605288028717
0.9100277423858643
0.8469229936599731
0.5415084362030029
0.7337087988853455
0.9889134764671326
0.9804469347000122
0.619854748249054
0.7917205095291138
0.9281810522079468
0.9450634121894836
0.9861049056053162
0.6922775506973267
0.1683204621076584
0.9859851598739624
0.9547471404075623
0.9925082325935364
0.8282017111778259
0.9607600569725037
0.9413830041885376
0.994140625
0.8310701251029968
0.9531914591789246
0.9874238967895508
0.9866170883178711
0.6459892988204956
0.9938167333602905
0.8830072283744812
0.980177104473114
0.9854077696800232
0.9878953099250793
0.8543822765350342
0.8949890732765198
0.9763113260269165
0.951667845249176
0.9662688374519348
0.7439967393875122
0.9879612326622009
0.9844146370887756
0.6763224005699158
0.9826624989509583
0.9814020395278931
0.5825649499893188
0.9861475229263306
0.8463060855865479
0.776864767074585
0.9893407225608826
0.7875416874885559
0.9624113440513611
0.9859885573387146
0.9455897212028503
0.9457985162734985
0.8810365200042725
0.9806188344955444
0.6582392454147339
0.9881778359413147
0.8378708362579346
0.961240291595459
0.9696168899536133
0.8124297261238098
0.598342776298523
0.7942029237747192
0.8857589364051819
0.5260252952575684
0.9835221171379089
0.9881610870361328
0.9665851593017578
0.9706704616546631
0.9411210417747498
0.8889956474304199
0.5642023682594299
0.8445014357566833
0.30678465962409973
0.9678982496261597
0.5585785508155823
0.9885544776916504
0.88643878698349
0.6099053621292114
0.9472837448120117
0.7807190418243408
0.9047267436981201
0.9750803709030151
0.5095768570899963
0.7722703218460083
0.782736599445343
0.979706883430481
0.8899773359298706
0.9907407760620117
0.7197279334068298
0.7955431342124939
0.8290155529975891
0.9630541801452637
0.6064005494117737
0.35319703817367554
0.7865796685218811
0.9764508008956909
0.9801526069641113
0.806108832359314
0.983106255531311
0.9752547740936279
0.6470789313316345
0.7366522550582886
0.6105063557624817
0.9273504018783569
0.9900754690170288
0.8257261514663696
0.9885057210922241
0.9648365378379822
0.7714748382568359
0.5967184901237488
0.8505154848098755
0.9813036918640137
0.895630419254303
0.9851570725440979
0.5101962089538574
0.9665907621383667
0.7791756987571716
0.7264386415481567
0.7032899260520935
0.4087030291557312
0.8806843757629395
0.9867591857910156
0.9064354300498962
0.8906986117362976
0.47416412830352783
0.987834632396698
0.9644234776496887
0.9761733412742615
0.8467532992362976
0.7535014152526855
0.8482781648635864
0.991532564163208
0.8263056874275208
0.9770603775978088
0.9888889193534851
0.9878246188163757
0.6649953126907349
0.9842357635498047
0.6481875777244568
0.7698820233345032
0.9843173027038574
0.9888127446174622
0.9804332256317139
0.5834515690803528
0.9879895448684692
0.990260899066925
0.987183690071106
0.7281045913696289
0.9526793360710144
0.947839081287384
0.779242217540741
0.6812715530395508
0.7574312090873718
0.986356258392334
0.5408930778503418
0.7053658366203308
0.9127272963523865
0.5273088216781616
0.35980746150016785
0.8171451091766357
0.8176204562187195
0.9541984796524048
0.9468562006950378
0.5613902807235718
0.8630669116973877
0.8179669380187988
0.9013386368751526
0.9699115753173828
0.9285714030265808
0.9680483341217041
0.9161290526390076
0.7593489289283752
0.8296041488647461
0.9028871655464172
0.8400971293449402
0.8827463388442993
0.9833510518074036
0.9246693253517151
0.9503167867660522
0.7981716394424438
0.9819639325141907
0.9056603312492371
0.9770910739898682
0.9710925817489624
0.807708740234375
0.9740990996360779
0.8450854420661926
0.9455006718635559
0.866637110710144
0.7742781639099121
0.37626904249191284
0.9829302430152893
0.9690638184547424
0.9869869947433472
0.9131371378898621
0.9888775944709778
0.7918552160263062
0.6934426426887512
0.9830794930458069
0.8567197322845459
0.7030303478240967
0.9803079962730408
0.9576078057289124
0.9731974601745605
0.8170883655548096
0.8024174571037292
0.9788684248924255
0.9888476133346558
0.9109686017036438
0.9648854732513428
0.9906938076019287
0.9864907264709473
0.9756441116333008
0.7546584606170654
0.9846028685569763
0.9903762340545654
0.9822617173194885
0.9770156741142273
0.868571400642395
0.6896024942398071
0.6487006545066833
0.9871407151222229
0.8641441464424133
0.9740985035896301
0.9801499843597412
0.6769956350326538
0.654411792755127
0.9410150647163391
0.8233774304389954
0.7900817394256592
0.3723445534706116
0.8584269881248474
0.9894407391548157
0.9658839106559753
0.9343960285186768
0.9142025709152222
0.9895833134651184
0.9874476790428162
0.5906886458396912
0.9850108027458191
0.9874476790428162
0.6911046504974365
0.8600709438323975
0.711308479309082
0.9860681295394897
0.8780767321586609
0.6719160079956055
0.8020338416099548
0.9216552972793579
0.7604743242263794
0.8059925436973572
0.6923525929450989
0.9895570278167725
0.9404163360595703
0.7208653092384338
0.6349300742149353
0.6666666865348816
0.6832167506217957
0.9578313231468201
0.7773487567901611
0.3616008758544922
0.9599583745002747
0.9103236198425293
0.7072758078575134
0.9831293821334839
0.6495327353477478
0.9784172773361206
0.9670477509498596
0.9930769205093384
0.988636314868927
0.7552611827850342
0.5799313187599182
0.737389862537384
0.9750382304191589
0.7417433857917786
0.875
0.44215723872184753
0.7455795407295227
0.582761287689209
0.567363977432251
0.92038494348526
0.9617164134979248
0.9922606945037842
0.9160305261611938
0.9409027099609375
0.7293485403060913
0.8867313861846924
0.983182430267334
0.9839892983436584
0.7579162120819092
0.5519677400588989
0.955764651298523
0.7944149971008301
0.9703225493431091
0.743682324886322
0.9914921522140503
0.9925240874290466
0.9702332615852356
0.7387710809707642
0.9891067743301392
0.9059368371963501
0.9493286609649658
0.9838285446166992
0.9848024845123291
0.7561298608779907
0.9853958487510681
0.6094570755958557
0.9908509254455566
0.9860724210739136
0.6625808477401733
0.989540696144104
0.3036969304084778
0.45102962851524353
0.9895470142364502
0.9683161377906799
0.9894458651542664
0.8350877165794373
0.9839755296707153
0.9596532583236694
0.8303875923156738
0.7401149272918701
0.9835957288742065
0.9813464283943176
0.9839308261871338
0.991827666759491
0.9745293855667114
0.9795918464660645
0.992526113986969
0.9671642184257507
0.7318518757820129
0.9833983778953552
0.853355884552002
0.9893180131912231
0.9863124489784241
0.9877609014511108
0.9881516098976135
0.980863094329834
0.9839063882827759
0.836142361164093
0.9743970632553101
0.9680887460708618
0.9883502721786499
0.6384758353233337
0.9203329086303711
0.8677874207496643
0.9868109226226807
0.6557120680809021
0.9877849817276001
0.8049761652946472
0.8256880044937134
0.9827704429626465
0.6805399060249329
0.9897435307502747
0.9858940243721008
0.26356589794158936
0.9888991713523865
0.9901326894760132
0.9506347179412842
0.9828178882598877
0.713178277015686
0.9848729372024536
0.9716417193412781
0.5643802285194397
0.974975049495697
0.6119462847709656
0.9170392155647278
0.9816581606864929
0.6789838671684265
0.9895561933517456
0.9828259348869324
0.7721089124679565
0.8607881665229797
0.7494707107543945
0.9567291140556335
0.6455273032188416
0.9657690525054932
0.7037165760993958
0.8979783654212952
0.7255216836929321
0.9448709487915039
0.9790898561477661
0.928670346736908
0.9919632077217102
0.9855524897575378
0.9945946335792542
0.8724672794342041
0.7914523482322693
0.8800513744354248
0.912533164024353
0.973231315612793
0.9767943620681763
0.8269599080085754
0.5846019983291626
0.6428804993629456
0.9705455899238586
0.7462219595909119
0.9866157174110413
0.9884009957313538
0.9888084530830383
0.9850068092346191
0.9073203802108765
0.665572464466095
0.8321981430053711
0.9771921038627625
0.8420319557189941
0.6109303832054138
0.9847186207771301
0.985792338848114
0.9855361580848694
0.9888268113136292
0.8264771699905396
0.9924752116203308
0.9731162786483765
0.978549599647522
0.4158965051174164
0.9384692311286926
0.850974977016449
0.9854590892791748
0.9841122031211853
0.9806516766548157
0.9777417778968811
0.9854689240455627
0.6103847622871399
0.5211602449417114
0.8071617484092712
0.9450549483299255
0.9758493900299072
0.9698548316955566
0.9548386931419373
0.9903969168663025
0.5060827136039734
0.6041666865348816
