0.8371449112892151
0.8371347188949585
0.7022655606269836
0.8133106231689453
0.900383472442627
0.804066002368927
0.8535120487213135
0.8007215857505798
0.8480595350265503
0.4943654537200928
0.8753696084022522
0.8590012192726135
0.8930333256721497
0.7605622410774231
0.8096625804901123
0.7526819109916687
0.8976761698722839
0.8202974796295166
0.6125300526618958
0.6622946858406067
0.7608007788658142
0.8509197235107422
0.8721520304679871
0.6732388138771057
0.8027276992797852
0.8455711603164673
0.875328779220581
0.7668105363845825
0.8313363194465637
0.7716802954673767
0.8043027520179749
0.8715338706970215
0.8914174437522888
0.8781335949897766
0.8003891110420227
0.8740721940994263
0.7373440265655518
0.764060914516449
0.8880532383918762
0.803285539150238
0.800479531288147
0.8382039666175842
0.8101504445075989
0.8046750426292419
0.7526352405548096
0.7518571615219116
0.8060697913169861
0.8829778432846069
0.6897043585777283
0.750785768032074
0.8496879935264587
0.6065439581871033
0.8415847420692444
0.867451548576355
0.8643592000007629
0.8333978056907654
0.7662047743797302
0.8217748403549194
0.7736760377883911
0.8430842161178589
0.861312747001648
0.8822087645530701
0.8373773694038391
0.8092514276504517
0.8170954585075378
0.8723292350769043
0.8105809092521667
0.8385133743286133
0.87265944480896
0.899387776851654
0.8940905928611755
0.6976045370101929
0.8582683205604553
0.7976346611976624
0.8114760518074036
0.8924221992492676
0.7742680907249451
0.7890625596046448
0.8569362163543701
0.8546415567398071
0.6786055564880371
0.7509765625
0.8393805623054504
0.8174446821212769
0.8022445440292358
0.8248438239097595
0.8402135968208313
0.7864839434623718
0.7987795472145081
0.7050881385803223
0.8213599920272827
0.8236557841300964
0.8579150438308716
0.7305088043212891
0.8846011757850647
0.8634204268455505
0.881062388420105
0.7685664296150208
0.7248064279556274
0.7761619091033936
0.811752438545227
0.8184259533882141
0.740206778049469
0.8347694277763367
0.45142602920532227
0.8576658964157104
0.8339300155639648
0.7323550581932068
0.8718391060829163
0.8437119722366333
0.8643715977668762
0.8373897671699524
0.8481519818305969
0.8686458468437195
0.6592838764190674
0.7440800070762634
0.8804697394371033
0.8294556140899658
0.884635865688324
0.8298391103744507
0.7812979817390442
0.875886082649231
0.7416248321533203
0.8590199947357178
0.8115724325180054
0.8536137342453003
0.8554733395576477
0.8088420629501343
0.8035813570022583
0.8396881222724915
0.7792180776596069
0.8084223866462708
0.8341197371482849
0.7821103930473328
0.7740216255187988
0.8695042729377747
0.7846710681915283
0.8833874464035034
0.8032373785972595
0.8586346507072449
0.8182463645935059
0.7654654383659363
0.6816794276237488
0.7872087359428406
0.7848294377326965
0.798534095287323
0.7624688744544983
0.895897388458252
0.8353801369667053
0.8148598074913025
0.8407361507415771
0.825061023235321
0.8138849139213562
0.8491531610488892
0.8341652154922485
0.829421877861023
0.8772459626197815
0.8430219292640686
0.869638979434967
0.8241758346557617
0.8266638517379761
0.8405776619911194
0.7500315308570862
0.8211962580680847
0.8005952835083008
0.842838704586029
0.861045777797699
0.7806503176689148
0.8851842284202576
0.8271575570106506
0.8117629289627075
0.7557302713394165
0.7888677716255188
0.8260782957077026
0.820661187171936
0.8977805376052856
0.8243866562843323
0.8603055477142334
0.8960294127464294
0.8703306317329407
0.7145949602127075
0.8454580307006836
0.8431529998779297
0.7450206279754639
0.7858806252479553
0.8559854030609131
0.869918704032898
0.8010776042938232
0.8220106363296509
0.7854624390602112
0.8435662388801575
0.774147093296051
0.688249945640564
0.8534802198410034
0.8266923427581787
0.7968510985374451
0.8345236778259277
0.8431826829910278
0.8706905841827393
0.8884083032608032
