0.9757869839668274
0.9874564409255981
0.9938499927520752
0.9876797199249268
0.9790964126586914
0.9867109060287476
0.6644455194473267
0.9708306789398193
0.9830371737480164
0.9022324681282043
0.8295614719390869
0.9645597338676453
0.9417003989219666
0.9912517070770264
0.9866363406181335
0.9289861917495728
0.9888476133346558
0.9041287302970886
0.8407449722290039
0.9860312342643738
0.9891669750213623
0.9842678308486938
0.9527438282966614
0.9833821654319763
0.9796748161315918
0.7016928791999817
0.9816147089004517
0.9803304076194763
0.5790660381317139
0.9902461767196655
0.7666807770729065
0.9842395186424255
0.9909793734550476
0.9673468470573425
0.9882729053497314
0.79347825050354
0.9873577356338501
0.9803515672683716
0.7785850763320923
0.6340103149414062
0.9756096601486206
0.601590096950531
0.981497049331665
0.9769803881645203
0.9606700539588928
0.700706958770752
0.6825761795043945
0.6985793709754944
0.9851032495498657
0.5793771147727966
0.985535204410553
0.9875440001487732
0.984698474407196
0.9850629568099976
0.9855195879936218
0.859380841255188
0.993542492389679
0.9825693964958191
0.932712972164154
0.8415898680686951
0.897212564945221
0.5899880528450012
0.9562081694602966
0.9150848984718323
0.9853886961936951
0.647732138633728
0.9753381013870239
0.8648413419723511
0.9796116948127747
0.9823212623596191
0.9906450510025024
0.9918625950813293
0.990509033203125
0.7007766366004944
0.875444769859314
0.9760056138038635
0.9878391027450562
0.9736752510070801
0.5918440818786621
0.9855700135231018
0.9491657614707947
0.7680278420448303
0.6663611531257629
0.9828908443450928
0.9909910559654236
0.9836531281471252
0.973507285118103
0.9815195202827454
0.3648732602596283
0.9834876656532288
0.984819769859314
0.980776846408844
0.9689152836799622
0.9752683043479919
0.8874091506004333
0.7311425805091858
0.9799490571022034
0.9888356924057007
0.9102166891098022
0.983561635017395
0.9895178079605103
0.926286518573761
0.9946178793907166
0.9927158951759338
0.9666842818260193
0.9649595618247986
0.988361656665802
0.8239883184432983
0.9797160029411316
0.9869925379753113
0.9862363338470459
0.978704571723938
0.9718832969665527
0.9899078607559204
0.8418757319450378
0.9748475551605225
0.4760853946208954
0.9859791398048401
0.9938417673110962
0.9815217852592468
0.984054684638977
0.9899846315383911
0.8947122097015381
0.9870572686195374
0.9892099499702454
0.9860835075378418
0.6553940176963806
0.6156352162361145
0.6403106451034546
0.9784906506538391
0.30890923738479614
0.6781297922134399
0.9751983880996704
0.9898008704185486
0.9632352590560913
0.9876118302345276
0.8508333563804626
0.9834898114204407
0.9746364951133728
0.9915082454681396
0.9886404871940613
0.8297115564346313
0.6433515548706055
0.6664065718650818
0.9906454086303711
0.6916871666908264
0.9738024473190308
0.9966394901275635
0.7021868824958801
0.9590427875518799
0.9280575513839722
0.9857270121574402
0.7093877792358398
0.9932885766029358
0.9734964370727539
0.9817184805870056
0.47454071044921875
0.9939321279525757
0.9879517555236816
0.8526467084884644
0.9528594017028809
0.5706214308738708
0.7921985983848572
0.9750092625617981
0.7085171937942505
0.4017382860183716
0.9861848950386047
0.8598694205284119
0.9763832688331604
0.9841803908348083
0.9866529703140259
0.9250353574752808
0.9803783893585205
0.3971088230609894
0.9690117239952087
0.8218623399734497
0.936487078666687
0.9757639765739441
0.9510433077812195
0.9890038967132568
0.9891576170921326
0.9468598961830139
0.9795171618461609
0.9556289315223694
0.8949078917503357
0.6812865734100342
0.9806950092315674
0.984402060508728
0.9815332889556885
0.5546305775642395
0.9673819541931152
0.9787890315055847
0.9849169850349426
0.9823927283287048
0.9879916906356812
0.9844806790351868
0.9763080477714539
0.45096394419670105
0.9026898741722107
0.9837237596511841
0.9322819709777832
0.7132256627082825
0.9903661012649536
0.8150807619094849
0.29788708686828613
0.989811897277832
0.9886637330055237
0.8527993559837341
0.9509394764900208
0.993423581123352
0.9858314394950867
0.9625596404075623
0.9866869449615479
0.9886201620101929
0.6801882982254028
0.989416241645813
0.5785747766494751
0.9746229648590088
0.5832699537277222
0.9868276119232178
0.0
0.9863805770874023
0.9873718023300171
0.7464892268180847
0.4149508774280548
0.9458351731300354
0.9922659993171692
0.987086296081543
0.9711538553237915
0.9888641834259033
0.9712586998939514
0.9838212132453918
0.9465929865837097
0.7298578023910522
0.9747434854507446
0.7678818702697754
0.6690391302108765
0.9775518774986267
0.9917355179786682
0.9868995547294617
0.9823640584945679
0.9876630306243896
0.9798978567123413
0.9640762805938721
0.9751901626586914
0.9760000109672546
0.9775429964065552
0.9892356991767883
0.9805309772491455
0.9783889651298523
0.8493150472640991
0.9905882477760315
0.988304078578949
0.9875376224517822
0.991923987865448
0.9873188138008118
0.9856584668159485
0.9872881174087524
0.5968071818351746
0.9878226518630981
0.6250413060188293
0.9871866106987
0.6768538951873779
0.9818955659866333
0.7300198674201965
0.9256028532981873
0.986553430557251
0.6382978558540344
0.9890750050544739
0.9862900376319885
0.9846272468566895
0.9757217764854431
0.600479245185852
0.9901356101036072
0.9930313229560852
0.8498535752296448
0.9726027250289917
0.6172680258750916
0.9235369563102722
0.6588801145553589
0.9857733249664307
0.9721980690956116
0.984297513961792
0.7689203023910522
0.56548672914505
0.9775374531745911
0.8757084012031555
0.9888669848442078
0.9761905074119568
0.9868928790092468
0.9845252633094788
0.8475860357284546
0.7764390707015991
0.6616491675376892
0.9880095720291138
0.940334141254425
0.9844139814376831
0.981010377407074
0.9580126404762268
0.6279640793800354
0.9896493554115295
0.9823771715164185
0.9704397916793823
0.7012048363685608
0.9094219207763672
0.972080409526825
0.9808773994445801
0.8088415265083313
0.985718846321106
0.9890764951705933
0.9204124212265015
0.819327712059021
0.981031596660614
0.9853371381759644
0.9863441586494446
0.9405745267868042
0.7661417126655579
0.9641851186752319
0.9871976971626282
0.5452668070793152
0.9878640174865723
0.7878787517547607
0.9835007190704346
0.9793310761451721
0.981666088104248
0.9568518996238708
0.9922366738319397
0.9478234052658081
0.9288164973258972
0.7520129084587097
0.9837133884429932
0.9849057197570801
0.9608899354934692
0.8328100442886353
0.9774381518363953
0.9884874820709229
0.9859363436698914
0.9823557734489441
0.9909824132919312
0.992247998714447
0.9375244975090027
0.7802313566207886
0.985473096370697
0.9845600724220276
0.9912246465682983
0.6736020445823669
0.990304708480835
0.9836525321006775
0.9722863435745239
0.9445292949676514
0.9838648438453674
0.3186582624912262
0.9803920984268188
0.9630513191223145
0.41105183959007263
0.684617817401886
0.9482879638671875
0.3194819390773773
0.6376936435699463
0.9704890251159668
0.6343499422073364
0.6788263320922852
0.9530339241027832
0.9857978820800781
0.7111735343933105
0.9832227826118469
0.9765839576721191
0.9778688549995422
0.9847355484962463
0.8324040770530701
0.9956204295158386
0.9908765554428101
0.9864295721054077
0.8267743587493896
0.9856460094451904
0.5200466513633728
0.9339853525161743
0.9603803753852844
0.9939950704574585
0.9463971853256226
0.9826818108558655
0.9926469922065735
0.9848023653030396
0.15328222513198853
0.9858088493347168
0.9869594573974609
0.9884603023529053
0.9898476600646973
0.9849284887313843
0.8639863133430481
0.9925062656402588
0.6936731934547424
0.9858848452568054
0.9588173031806946
0.9817768335342407
0.7684769034385681
0.9927673935890198
0.9763860106468201
0.7048816680908203
0.9785816073417664
0.9905956387519836
0.9833941459655762
0.8560606837272644
0.7436548471450806
0.9778457283973694
0.6122874617576599
0.9867393970489502
0.7359004020690918
0.9235610961914062
0.9860583543777466
0.41639071702957153
0.9837702512741089
0.6683716773986816
0.9818894267082214
0.9837790131568909
0.5691382884979248
0.9773527979850769
0.9568420648574829
0.9931378960609436
0.9759036302566528
0.988994300365448
0.8519685864448547
0.3414462208747864
0.9912060499191284
0.9842756390571594
0.9735409021377563
0.9881170392036438
0.988690197467804
0.6897823810577393
0.8490502834320068
0.9640845656394958
0.9758031964302063
0.9873161315917969
0.9685429930686951
0.894799530506134
0.973601758480072
0.8600083589553833
0.8679074048995972
0.9702479243278503
0.44548553228378296
0.993337869644165
0.9881734848022461
0.9843840599060059
0.7118908166885376
0.9864217638969421
0.8143913745880127
0.9898550510406494
0.33760109543800354
0.9867004752159119
0.7911504507064819
0.8421052694320679
0.0
0.9675700068473816
0.9807617664337158
0.9774436354637146
0.9516562223434448
0.8529959917068481
0.9795917868614197
0.6379765868186951
0.8672414422035217
0.987113356590271
0.8855932354927063
0.7558420896530151
0.9854326844215393
0.9794639945030212
0.976827085018158
0.22128957509994507
0.9733759760856628
0.9790399074554443
0.9790859818458557
0.9714093804359436
0.9844156503677368
0.9819639325141907
0.6101477146148682
0.9848535656929016
0.9613432288169861
0.7190082669258118
0.9865590929985046
0.981835126876831
0.9858074188232422
0.9796581864356995
0.987124502658844
0.976102888584137
0.9370860457420349
0.6311688423156738
0.9940298795700073
0.282586008310318
0.973275899887085
0.9785623550415039
0.9810003638267517
0.9874739646911621
0.9705328941345215
0.8129720091819763
0.9880159497261047
0.9851756691932678
0.9918151497840881
0.9792913198471069
0.9882352948188782
0.8525615930557251
0.9389416575431824
0.9756097793579102
0.18195322155952454
0.9960340261459351
0.9867203831672668
0.721386194229126
0.7240452170372009
0.9802095890045166
0.9963021874427795
0.8471544981002808
0.7278503179550171
0.9896640777587891
0.05482303723692894
0.9846261739730835
0.9800859093666077
0.9853010773658752
0.9860464930534363
0.9888504147529602
0.9933044910430908
0.9875375032424927
0.7172414064407349
0.9862892627716064
0.6536718010902405
0.9842519760131836
0.990069568157196
0.9881255030632019
0.9936685562133789
0.9889830350875854
0.9894253611564636
0.9905454516410828
0.9782105088233948
0.9551451206207275
0.9848605394363403
0.9856386780738831
0.988472580909729
0.9753231406211853
0.9742351174354553
0.9784423112869263
0.9640900492668152
0.5314164161682129
0.8172706365585327
0.7417758107185364
0.9860502481460571
0.9635974764823914
0.7042889595031738
0.9908115863800049
0.9793857336044312
0.9871841669082642
0.9619238972663879
0.8347359895706177
0.9789379835128784
0.8301759362220764
0.9897156953811646
0.9602346420288086
0.9690721035003662
0.9876192808151245
0.6874487400054932
0.9891213774681091
0.6210489869117737
0.9835714101791382
0.6488730311393738
0.6488651633262634
0.9315770268440247
0.9811321496963501
0.9885334968566895
0.985419750213623
0.9850857853889465
0.9883817434310913
0.9906323552131653
0.8065300583839417
0.985876739025116
0.9821551442146301
0.9900632500648499
0.9745922684669495
0.9905956387519836
0.8576533794403076
0.9711697101593018
0.9780657887458801
0.8091845512390137
0.8159734010696411
0.8755336403846741
0.9794595241546631
0.9824076890945435
0.9769259095191956
0.9804401993751526
0.9852879643440247
0.9534978270530701
0.8146753907203674
0.6963445544242859
0.9838793873786926
0.9779137372970581
0.8909229636192322
0.9905660152435303
0.6171152591705322
0.957879364490509
0.9895420074462891
0.5272459387779236
0.6729297041893005
0.9889106750488281
0.8810741305351257
0.8662790656089783
0.8902820944786072
0.9752421975135803
0.9813148975372314
0.9889166355133057
0.9886363744735718
0.9826443791389465
0.8142699599266052
0.9773136377334595
0.986931562423706
0.48362717032432556
0.549924373626709
0.366285115480423
0.9875652194023132
0.9945217370986938
0.8760416507720947
0.9850504994392395
0.6394112706184387
0.9598360657691956
0.9900990128517151
0.7695906162261963
0.9923518300056458
0.9882261157035828
0.9665513634681702
0.9816666841506958
0.9762418866157532
0.7479820847511292
0.9753649830818176
0.9453648924827576
0.8135592937469482
0.18587850034236908
0.9334644079208374
0.8294402956962585
0.9946789741516113
0.9730639457702637
0.9857697486877441
0.7480519413948059
0.9544211626052856
0.4636165499687195
0.983035683631897
0.9936134219169617
0.9778780937194824
0.9935608506202698
0.990011990070343
0.9844473600387573
0.5740203261375427
0.9877634048461914
0.7828571200370789
0.9853618144989014
0.9762020707130432
0.9856573939323425
0.22653722763061523
0.9572712779045105
0.9848714470863342
0.993090808391571
0.9919137954711914
0.9906928539276123
0.9717868566513062
0.9730878472328186
0.7844288945198059
0.30902111530303955
0.3598553240299225
0.9826275706291199
0.7061402797698975
0.5930701494216919
0.9669716954231262
0.9652509689331055
0.9680265188217163
0.7652848362922668
0.9841160178184509
0.7724425792694092
0.9753645062446594
0.991735577583313
0.9924664497375488
0.9877395033836365
0.9877009987831116
0.9862731099128723
0.5636743307113647
0.7560521364212036
0.9835560321807861
0.746608316898346
0.9768664240837097
0.9794238805770874
0.9843750596046448
0.9857205152511597
0.98170405626297
0.8293473720550537
0.9902912378311157
0.9776270985603333
0.9869847893714905
0.9912463426589966
0.9526339173316956
0.18564243614673615
0.9831585884094238
0.6067572236061096
0.9311503171920776
0.9843363165855408
0.5902085304260254
0.985567033290863
0.720720648765564
0.6547663807868958
0.683951735496521
0.9843871593475342
0.2156795710325241
0.9774086475372314
0.9833641648292542
0.6266579031944275
0.7525396347045898
0.8726945519447327
0.9938587546348572
0.5476464033126831
0.9742441773414612
0.9827646613121033
0.9872000217437744
0.9886404871940613
0.788898229598999
0.9780439138412476
0.9771217703819275
0.6335778832435608
0.6514168381690979
0.9945184588432312
0.9657907485961914
0.9900833368301392
0.9752747416496277
0.9898332953453064
0.9799247980117798
0.9509516954421997
0.981432318687439
0.6682330965995789
0.9841402173042297
0.9738348126411438
0.9750479459762573
0.5967662930488586
0.7570224404335022
0.9854817986488342
0.9871844053268433
0.4073575735092163
0.9326424598693848
0.844738781452179
0.9823834300041199
0.9720188975334167
0.8404222726821899
0.9854191541671753
0.7261078357696533
0.9789599180221558
0.8890600800514221
0.9720410108566284
0.9817103147506714
0.9742323160171509
0.9865682125091553
0.9840764403343201
0.9742883443832397
0.9697692394256592
0.9942503571510315
0.9756816029548645
0.9864364266395569
0.9862340092658997
0.9930135011672974
0.985927402973175
0.35833606123924255
0.9850412011146545
0.9795470833778381
0.9722764492034912
0.7530562281608582
0.7590758800506592
0.980830729007721
0.9735293984413147
0.9874016046524048
0.9864423274993896
0.8679065704345703
0.9015228152275085
0.9387379288673401
0.9836763739585876
0.9782805442810059
0.8726993799209595
0.9902827143669128
0.9796426296234131
0.9881814122200012
0.9750178456306458
0.0
0.9911503791809082
0.9900383353233337
0.9850000143051147
0.8109452724456787
0.7145148515701294
0.9360613822937012
0.9858406782150269
0.9839113354682922
0.9881734848022461
0.3245551586151123
0.9863805770874023
0.9039172530174255
0.98991459608078
0.9895104765892029
0.8506242036819458
0.6717817187309265
0.9147944450378418
0.678350567817688
0.9852941036224365
0.9955196976661682
0.9727095365524292
0.979835033416748
0.9846281409263611
0.9888768792152405
0.986923098564148
0.9865996241569519
0.8512948751449585
0.8624891042709351
0.48059967160224915
0.9891427159309387
0.9861751198768616
0.8467933535575867
0.9178808331489563
0.9878836274147034
0.9302700161933899
0.400306761264801
0.9940547347068787
0.987093448638916
0.9653768539428711
0.9871741533279419
0.9733041524887085
0.9684813618659973
0.5815983414649963
0.9902438521385193
0.9935227036476135
0.9838920831680298
0.975948691368103
0.5460260510444641
0.5960571765899658
0.8782191276550293
0.9864434003829956
0.9688687324523926
0.9824934005737305
0.9854286909103394
0.4279223680496216
0.9795740842819214
0.9677419662475586
0.9841575026512146
0.9875929951667786
0.9243927597999573
0.9881266355514526
0.9868381023406982
0.9801136255264282
0.9884135127067566
0.7472835779190063
0.9131121039390564
0.987636387348175
0.5648341774940491
0.9818577170372009
0.9903489351272583
0.8120124936103821
0.9801385998725891
0.9670454859733582
0.9808667898178101
0.3280871510505676
0.9944656491279602
0.9770491719245911
0.9814008474349976
0.992125928401947
0.5808878540992737
0.6138828992843628
0.9861792325973511
0.659861147403717
0.9898278713226318
0.8443067669868469
0.5992532968521118
0.6340983510017395
0.9863317012786865
0.9750317931175232
0.6579425930976868
0.9484605193138123
0.9909842610359192
0.874876856803894
0.6408067941665649
0.7786259055137634
0.985193133354187
0.9824561476707458
0.9784767627716064
0.95151287317276
0.985835611820221
0.9870525598526001
0.7829681634902954
0.9931402206420898
0.7432985305786133
0.9929221272468567
0.8611599206924438
0.9791208505630493
0.9795185923576355
0.9889532327651978
0.7183383703231812
0.9800931811332703
0.9736977815628052
0.9919532537460327
0.9850745797157288
0.9900990128517151
0.9760101437568665
0.9725242853164673
0.9863901734352112
0.9877378344535828
0.9063443541526794
0.9878295660018921
0.9838871955871582
0.7957358956336975
0.9818342924118042
0.9813311696052551
0.8076165318489075
0.9922119379043579
0.9144811630249023
0.977321445941925
0.54755038022995
0.9672281742095947
0.7788089513778687
0.7856842279434204
0.5918580293655396
0.5999999642372131
0.5413004755973816
0.5983606576919556
0.9761742949485779
0.974626898765564
0.9901356101036072
0.5008635520935059
0.9873800873756409
0.9616438746452332
0.9825725555419922
0.99216228723526
0.9714874625205994
0.711027979850769
0.5276548862457275
0.9562660455703735
0.9796121120452881
0.9826682806015015
0.9483304619789124
0.9922879338264465
0.9745428562164307
0.9890934228897095
0.9900426864624023
0.8034528493881226
0.9844961166381836
0.9892656803131104
0.9724662899971008
0.9523336887359619
0.43258118629455566
0.9854251146316528
0.9889482855796814
0.6846326589584351
0.9912621378898621
0.9968819618225098
0.9828721880912781
0.9791208505630493
0.49575212597846985
0.19684384763240814
0.9411406517028809
0.9888889193534851
0.9818181991577148
0.9890199303627014
0.9847406148910522
0.9861187934875488
0.9815384745597839
0.9622848629951477
0.8020565509796143
0.9847936630249023
0.9857651591300964
0.992184579372406
0.982751727104187
0.8041130900382996
0.991416335105896
0.46268659830093384
0.9878978133201599
0.8597285151481628
0.4955197274684906
0.9786309003829956
0.9897152185440063
0.7412035465240479
0.9674795866012573
0.9807804822921753
0.9911996126174927
0.9844602942466736
0.992951512336731
0.8256204128265381
0.9764000773429871
0.5917910933494568
0.9853890538215637
0.5698819160461426
0.9926590323448181
0.700080156326294
0.7277952432632446
0.8016096353530884
0.9045643210411072
0.9534510374069214
0.9845200777053833
0.9700332880020142
0.7983496785163879
0.9622572064399719
0.9439330101013184
0.7584683299064636
0.9884559512138367
0.7967891693115234
0.990336537361145
0.9776785373687744
0.991304337978363
0.9776234030723572
0.9858571290969849
0.9402332305908203
0.9867549538612366
0.9853067994117737
0.9835774898529053
0.9904271364212036
0.9909273982048035
0.9796314239501953
0.9467513561248779
0.9869122505187988
0.9918962717056274
0.9868766069412231
0.9786878824234009
0.9750611782073975
0.8246268630027771
0.6823751330375671
0.523809552192688
0.9834296703338623
0.9756097793579102
0.8834048509597778
0.9739776253700256
0.9860191345214844
0.9914367198944092
0.9675850868225098
0.3820541501045227
0.9905063509941101
0.9885282516479492
0.9869667291641235
0.988190233707428
0.9863778948783875
0.858589768409729
0.9901083707809448
0.8517442345619202
0.9915662407875061
0.9894559383392334
0.7106227278709412
0.9910269379615784
0.9852896928787231
0.9877174496650696
0.9319692850112915
0.9889025688171387
0.7879980206489563
0.9873334169387817
0.9879275560379028
0.6749905347824097
0.9886407852172852
0.9892401099205017
0.9861660003662109
0.9936709403991699
0.9861341714859009
0.9864441752433777
0.9822236895561218
0.6895074248313904
0.9479166865348816
0.9755318760871887
0.986514151096344
0.6459330320358276
0.991910994052887
0.9801228642463684
0.980446994304657
0.9802289009094238
0.14258912205696106
0.9899570345878601
0.6127994656562805
0.1928808093070984
0.9368053078651428
0.8103368282318115
0.9673449993133545
0.9644943475723267
0.9930753707885742
0.9846917390823364
0.9867374300956726
0.9830907583236694
0.9869375824928284
0.9844452142715454
0.9838123321533203
0.9957265853881836
0.9400957822799683
0.8304559588432312
0.8350809812545776
0.7371962666511536
0.9684564471244812
0.9788235425949097
0.987537145614624
0.6044352650642395
0.9822964072227478
0.9761300086975098
0.8852740526199341
0.9390031695365906
0.9830402135848999
0.9903846383094788
0.9868996143341064
0.9916773438453674
0.9638554453849792
0.9772171974182129
0.9849931597709656
0.9781485795974731
0.9890611171722412
0.9762490391731262
0.9740612506866455
0.8603206276893616
0.9900579452514648
0.9899243712425232
0.921848714351654
0.7942942976951599
0.7507585287094116
0.9880329370498657
0.9877550601959229
0.9862353205680847
0.9630724191665649
0.9888613820075989
0.9806599020957947
0.9858509302139282
0.9827640056610107
0.6943641304969788
0.9746568202972412
0.9870708584785461
0.48202958703041077
0.932330846786499
0.9226298928260803
0.5787328481674194
0.9855989217758179
0.9717474579811096
0.6110780835151672
0.989386260509491
0.9824398756027222
0.6320315003395081
0.6970024704933167
0.9369271993637085
0.970264732837677
0.5765765905380249
0.9874888062477112
0.8135072588920593
0.9801216721534729
0.7263426780700684
0.9887730479240417
0.9931506514549255
0.9083885550498962
0.544022262096405
0.7219398021697998
0.9559471011161804
0.9749593734741211
0.986809492111206
0.7374045848846436
0.9871072173118591
0.9440203309059143
0.964326798915863
0.5834068655967712
0.9846516847610474
0.7655030488967896
0.9820358753204346
0.9831100702285767
0.9870375990867615
0.9897541403770447
0.9809004068374634
0.9840232729911804
0.975033700466156
0.5692794919013977
0.9801222681999207
0.20055323839187622
0.6480062007904053
0.989883303642273
0.6549450755119324
0.975093424320221
0.9888925552368164
0.4665747880935669
0.9888613820075989
0.9640787839889526
0.3943462669849396
0.9862315058708191
0.9916201233863831
0.9816112518310547
0.8822553753852844
0.9677180051803589
0.8588234782218933
0.9795109033584595
0.9685072302818298
0.8466687798500061
0.9765066504478455
0.9860748648643494
0.9882162809371948
0.578728437423706
0.9753773212432861
0.9829633235931396
0.98176509141922
0.9646968245506287
0.9926722049713135
0.9871703386306763
0.9803543090820312
0.9825581908226013
0.9708654880523682
0.5894819498062134
0.8604868650436401
0.9555643200874329
0.9878935217857361
0.8594955801963806
0.9802699685096741
0.9571125507354736
0.978149950504303
0.8076685070991516
0.9849137663841248
0.9807692170143127
0.985944390296936
0.4501633942127228
0.9909824132919312
0.9565836787223816
0.9894242286682129
0.5854765772819519
0.9890848398208618
0.6833948493003845
0.9397052526473999
0.9769989252090454
0.9837334752082825
0.9907801747322083
0.9894906878471375
0.9931081533432007
0.9868529438972473
0.563330352306366
0.9750122427940369
0.9885245561599731
0.9826388955116272
0.988380491733551
0.9879759550094604
0.9832999110221863
0.975789487361908
0.9927675127983093
0.987991988658905
0.9839295148849487
0.9866157174110413
0.9873294234275818
0.9625877141952515
0.9733084440231323
0.9408056139945984
0.9893421530723572
0.34095120429992676
0.9830738306045532
0.7602131366729736
0.9372318983078003
0.34306567907333374
0.9217213988304138
0.9754228591918945
0.6250490546226501
0.9798290133476257
0.9836721420288086
0.9913111925125122
0.7728256583213806
0.8538731932640076
0.9819951057434082
0.993876576423645
0.9405803680419922
0.9891149997711182
0.975416362285614
0.9772340655326843
0.9778375625610352
0.9857035279273987
0.9862045049667358
0.9932584166526794
0.9011477828025818
0.9839043021202087
0.797912061214447
0.6437797546386719
0.9639012217521667
0.9713810682296753
0.9867779612541199
0.9897221326828003
0.9595202207565308
0.9903382062911987
0.9923175573348999
0.9453599452972412
0.9940298199653625
0.9847972989082336
0.9872643351554871
0.9837530255317688
0.8523845076560974
0.9914529323577881
0.9832775592803955
0.9915857911109924
0.5026662349700928
0.48401376605033875
0.9829984307289124
0.9823557138442993
0.9597741961479187
0.9870340824127197
0.9839285612106323
0.9915152192115784
0.976279616355896
0.8852323889732361
0.9795555472373962
0.9856497645378113
0.6398003101348877
0.9891486167907715
0.9832620024681091
0.655185341835022
0.9868967533111572
0.9887387156486511
0.7363184094429016
0.9823711514472961
0.9736170172691345
0.9205118417739868
0.9942433834075928
0.9862239360809326
0.9887640476226807
0.9731913208961487
0.971450924873352
0.7458583116531372
0.8080030679702759
0.964776873588562
0.5208085179328918
0.9815361499786377
0.9857650995254517
0.9235293865203857
0.9760501980781555
0.9603524208068848
0.9061785340309143
0.6564933061599731
0.9948474764823914
0.9671533107757568
0.9770318269729614
0.9880313277244568
0.9673202633857727
0.9864956736564636
0.9850106835365295
0.9907366633415222
0.9764388203620911
0.5531370043754578
0.9882948398590088
0.973500669002533
0.9889037013053894
0.7454755306243896
0.9877049922943115
0.9753373861312866
0.9871309995651245
0.9838969111442566
0.9867318272590637
0.6940577030181885
0.9916922450065613
0.8139534592628479
0.7035490274429321
0.9882978796958923
0.9905033111572266
0.2816304862499237
0.9934065937995911
0.8025540709495544
0.9149951934814453
0.9886621236801147
0.5521472692489624
0.8191990256309509
0.981805682182312
0.9045267701148987
0.9759824872016907
0.6820276379585266
0.9590255618095398
0.986143171787262
0.9861932992935181
0.430467426776886
0.758868396282196
0.9763190150260925
0.981747031211853
0.9914529323577881
0.9920202493667603
0.986101508140564
0.9942814111709595
0.9679317474365234
0.9752353429794312
0.7752442955970764
0.8745432496070862
0.942815899848938
0.9895678162574768
0.6811536550521851
0.9327762126922607
0.9858382344245911
0.38803794980049133
0.6515679359436035
0.9926667213439941
0.9721723198890686
0.9086199998855591
0.9844357967376709
0.4061749279499054
0.9819276928901672
0.9814302325248718
0.9040793776512146
0.9826874732971191
0.9794377684593201
0.9756423234939575
0.9828141927719116
0.6385385394096375
0.987120509147644
0.9518072009086609
0.9843527674674988
0.9790906310081482
0.9865859150886536
0.5332183241844177
0.9844624400138855
0.9785202741622925
0.7178311944007874
0.6361862421035767
0.9826375842094421
0.7535566687583923
0.9461457133293152
0.9893267750740051
0.7753886580467224
0.9801121950149536
0.9873664379119873
0.9782493114471436
0.9873817563056946
0.6032127737998962
0.9876033663749695
0.9720410108566284
0.42533934116363525
0.9911155104637146
0.674606204032898
0.9872398376464844
0.9818867444992065
0.9257683157920837
0.974338710308075
0.98643559217453
0.9838827848434448
0.9881847500801086
0.7177243232727051
0.7087628841400146
0.9954926371574402
0.9730269908905029
0.9842696189880371
0.9816918969154358
0.9917808771133423
0.6155157089233398
0.817642092704773
0.5674242973327637
0.9893617033958435
0.990766704082489
0.9835681319236755
0.987298309803009
0.5771065354347229
0.6731571555137634
0.9922761917114258
0.6521739363670349
0.9929478168487549
0.9764150977134705
0.9390630125999451
0.9883721470832825
0.7368072271347046
0.9826534986495972
0.6760563254356384
0.6851211190223694
0.9707656502723694
0.844641387462616
0.9866251945495605
0.988847553730011
0.9614264965057373
0.9810479879379272
0.8587813973426819
0.9839645028114319
0.8897637724876404
0.9860674142837524
0.9828269481658936
0.6886886954307556
0.9879817366600037
0.6949945688247681
0.9906617403030396
0.9792060256004333
0.939008891582489
0.9827642440795898
0.9889266490936279
0.9805284738540649
0.5073409676551819
0.9662405252456665
0.9666550159454346
0.9673203229904175
0.9736663699150085
0.9829249978065491
0.7646310329437256
0.372634619474411
0.9845414161682129
0.9911443591117859
0.5415604114532471
0.8459587693214417
0.6473629474639893
0.9814907312393188
0.6966666579246521
0.7200324535369873
0.9663105607032776
0.8192921876907349
0.9867256879806519
0.9695024490356445
0.9892552495002747
0.9575070738792419
0.9915540218353271
0.7355096936225891
0.9854486584663391
0.9851301312446594
0.9875621795654297
0.9882733225822449
0.9796125888824463
0.9856902360916138
0.47699248790740967
0.9900596737861633
0.9798703789710999
0.9837047457695007
0.9890732765197754
0.988452672958374
0.9833641648292542
0.9776234030723572
0.844394862651825
0.5975531339645386
0.9856176376342773
0.9811147451400757
0.8334988355636597
0.5753823518753052
0.9912216067314148
0.9726607799530029
0.9901808500289917
0.7405960559844971
0.9892153143882751
0.6281690001487732
0.7108904123306274
0.9788961410522461
0.9880359172821045
0.8867501616477966
0.9882473945617676
0.9852941036224365
0.9840620756149292
0.9688695073127747
0.6728744506835938
0.9898862838745117
0.657293438911438
0.9831292629241943
0.9355828762054443
0.9726585149765015
0.9809193015098572
0.7725172638893127
0.7869113683700562
0.9864603877067566
0.9852579832077026
0.988690197467804
0.9893162250518799
0.9890981316566467
0.6810942888259888
0.9782177805900574
0.8513731956481934
0.9847527146339417
0.9673202633857727
0.9914275407791138
0.9888211488723755
0.9897360801696777
0.9933222532272339
0.9910345077514648
0.9886893033981323
0.9835837483406067
0.7601581811904907
0.9897521138191223
0.9554075002670288
0.8547961115837097
0.6564639806747437
0.9941014051437378
0.9970059394836426
0.9892562031745911
0.9905493855476379
0.7648351192474365
0.7746090292930603
0.9903107285499573
0.9668489098548889
0.7373980283737183
0.9896324276924133
0.8529672622680664
0.7160493731498718
0.9863275289535522
0.9899479746818542
0.7298851013183594
0.9748666882514954
0.9852888584136963
0.6627822518348694
0.7982866168022156
0.9885961413383484
0.8728179931640625
0.9435688257217407
0.9013825058937073
0.7454104423522949
0.981378972530365
0.969855785369873
0.9825022220611572
0.6868189573287964
0.8019261956214905
0.37192344665527344
0.8837392330169678
0.9610705971717834
0.9872242212295532
0.933241069316864
0.9246575832366943
0.9824087023735046
0.9853625893592834
0.985966145992279
0.9917981028556824
0.5910694003105164
0.7468531131744385
0.9827089309692383
0.9875897765159607
0.9890965819358826
0.9807420969009399
0.9858357310295105
0.987679660320282
0.5810977816581726
0.9833148121833801
0.9781234860420227
0.609812319278717
0.9892904162406921
0.9801011085510254
0.9726027846336365
0.795961320400238
0.9851205348968506
0.9837099313735962
0.9869821667671204
0.9875665903091431
0.6217532157897949
0.9593708515167236
0.9837607145309448
0.8716672658920288
0.9899291396141052
0.9779070019721985
0.6589111089706421
0.9245282411575317
0.9896782040596008
0.6073538661003113
0.9678119421005249
0.9845947623252869
0.9920353889465332
0.8265434503555298
0.9917423129081726
0.7931991219520569
0.9726443886756897
0.9777932167053223
0.9824561476707458
0.829679548740387
0.990476131439209
0.9899799823760986
0.9795919060707092
0.9868029356002808
0.9912434816360474
0.9851150512695312
0.8390804529190063
0.957716703414917
0.9812889695167542
0.9794921875
0.9812500476837158
0.7140485048294067
0.9793483018875122
0.9911189675331116
0.9572229385375977
0.8191721439361572
0.9854861497879028
0.5169660449028015
0.551363468170166
0.6576427817344666
0.982578456401825
0.9502719044685364
0.9890110492706299
0.9872754812240601
0.9794520735740662
0.6012269854545593
0.9806780815124512
0.9854247570037842
0.655142605304718
0.9824561476707458
0.9801652431488037
0.8156145811080933
0.9794069528579712
0.9899598360061646
0.6090909242630005
0.7651975750923157
0.9884968996047974
0.9841269850730896
0.644859790802002
0.9885544776916504
0.7197995185852051
0.9697884321212769
0.9911444187164307
0.6218698024749756
0.985224723815918
0.5431655049324036
0.9781447052955627
0.9601181745529175
0.9849548935890198
0.9860724210739136
0.5644599199295044
0.799412190914154
0.9771050810813904
0.9954306483268738
0.5348460674285889
0.633762538433075
0.9773043394088745
0.9790827631950378
0.9923725128173828
0.985156238079071
0.9884966015815735
0.9948400259017944
0.9938300848007202
0.987298846244812
0.9787401556968689
0.977393627166748
0.7316017150878906
0.9591262936592102
0.9695430994033813
0.9855799078941345
0.9733737707138062
0.4213147461414337
0.8970050811767578
0.9939098954200745
0.98341965675354
0.972399115562439
0.9356223344802856
0.9901424050331116
0.9819439649581909
0.9771942496299744
0.9421546459197998
0.9887640476226807
0.9686288237571716
0.612382709980011
0.9892857074737549
0.9682875275611877
0.9920523166656494
0.9952107071876526
0.8772401213645935
0.9890764951705933
0.9908676147460938
0.7830032706260681
0.9891351461410522
0.9943819642066956
0.9911439418792725
0.6974281668663025
0.8298545479774475
0.9735183119773865
0.6209728121757507
0.9851071238517761
0.6987124681472778
0.9828089475631714
0.9835850596427917
0.9945322275161743
0.9820936918258667
0.9873625040054321
0.5707491636276245
0.970954418182373
0.7061452269554138
0.9838767647743225
0.5457944273948669
0.7431124448776245
0.9911155104637146
0.9779412150382996
0.9502360820770264
0.9909173250198364
0.7805479168891907
0.6193655729293823
0.991547167301178
0.6125432848930359
0.6869070529937744
0.9879336953163147
0.906105637550354
0.9909365773200989
0.7706644535064697
0.8997461795806885
0.9924005270004272
0.9251216053962708
0.6893649697303772
0.9859532117843628
0.95497727394104
0.7660597562789917
0.9802794456481934
0.9412216544151306
0.9927066564559937
0.7691063284873962
0.9631874561309814
0.9890636205673218
0.69220370054245
0.4825552999973297
0.5980225205421448
0.9818181991577148
0.9819853901863098
0.9818181395530701
0.5964609384536743
0.995238184928894
0.6484150290489197
0.9916602969169617
0.9800097346305847
0.8113338351249695
0.9599401354789734
0.9868928790092468
0.9674162864685059
0.9697920083999634
0.9514563083648682
0.9938534498214722
0.9656250476837158
0.9899193644523621
0.7275072932243347
0.9677686095237732
0.9884332418441772
0.7988781929016113
0.9825783967971802
0.9578747153282166
0.6899224519729614
0.6253566741943359
0.6424508094787598
0.9904906749725342
0.9869415760040283
0.9880667924880981
0.9930070042610168
0.9890377521514893
0.9846153259277344
0.7757256031036377
0.9909386038780212
0.979571521282196
0.9940688610076904
0.990439772605896
0.9855750203132629
0.9742547869682312
0.9882988333702087
0.9912959337234497
0.9785844087600708
0.9640498757362366
0.5338855385780334
0.6408247351646423
0.9174991250038147
0.8922261595726013
0.9754035472869873
0.9887085556983948
0.62529456615448
0.8613707423210144
0.677078127861023
0.9799489378929138
0.9870041608810425
0.9785983562469482
0.9817518591880798
0.6580469608306885
0.9685404896736145
0.9786286950111389
0.9873002171516418
0.9752960801124573
0.9622165560722351
0.9374738335609436
0.9796999096870422
0.7562659382820129
0.5793469548225403
0.9883338212966919
0.728323757648468
0.9847328066825867
0.9611901640892029
0.539782702922821
0.734096109867096
0.9901495575904846
0.9873111844062805
0.9848101139068604
0.6472545266151428
0.4542747437953949
0.8901098966598511
0.672583818435669
0.9587441086769104
0.8222301006317139
0.91639244556427
0.5049504637718201
0.6195365190505981
0.9788309931755066
0.9932170510292053
0.9879781603813171
0.9880577921867371
0.5641379356384277
0.9714285731315613
0.9804663062095642
0.9737248420715332
0.9830507636070251
0.8261809349060059
0.9736735224723816
0.978424072265625
0.9843823909759521
0.7787879109382629
0.3010079860687256
0.6924381256103516
0.9770992398262024
0.9793645739555359
0.9711796641349792
0.9846547245979309
0.9790297150611877
0.9789830446243286
0.9875141978263855
0.9856114983558655
0.9770991802215576
0.9336801171302795
0.9378795027732849
0.6197003722190857
0.9823553562164307
0.9126051068305969
0.9677149653434753
0.9936748743057251
0.7860220670700073
0.973716139793396
0.9648876190185547
0.9824432730674744
0.940635085105896
0.6153846383094788
0.9818370938301086
0.918181836605072
0.9701492786407471
0.983098566532135
0.9869177937507629
0.9793446660041809
0.9482200145721436
0.9845757484436035
0.9865384697914124
0.6345750689506531
0.9784059524536133
0.6366267204284668
0.3985454738140106
0.9820755124092102
0.9851924777030945
0.9885366559028625
0.9603082537651062
0.475955605506897
0.8681884407997131
0.394946813583374
0.9860583543777466
0.6397718191146851
0.983639121055603
0.9756765365600586
0.9276472926139832
0.9908789992332458
0.9647887349128723
0.9865067601203918
0.9825556874275208
0.9849652051925659
0.5114112496376038
0.9577181339263916
0.9881572723388672
0.5124450922012329
0.9841089248657227
0.9810357689857483
0.9916874170303345
0.9854965209960938
0.9772403836250305
0.9876212477684021
0.7794317007064819
0.9848875999450684
0.7060333490371704
0.9132828712463379
0.9802699685096741
0.9798775315284729
0.9782609343528748
0.9896907210350037
0.7621951699256897
0.7202797532081604
0.9862735271453857
0.9820512533187866
0.9906999468803406
0.9624521136283875
0.9853265285491943
0.9789719581604004
0.9888027906417847
0.9934890866279602
0.773955762386322
0.9899352788925171
0.7239558696746826
0.6648275256156921
0.979673445224762
0.9768567085266113
0.9907565712928772
0.9857205152511597
0.9822294116020203
0.9867021441459656
0.9852940440177917
0.7826704382896423
0.9801586866378784
0.9787530899047852
0.9842050075531006
0.9843233823776245
0.990717887878418
0.9367190003395081
0.8091822266578674
0.9916410446166992
0.3278902769088745
0.8344066143035889
0.6244486570358276
0.9891266822814941
0.9823788404464722
0.8332826495170593
0.9915803074836731
0.6545454263687134
0.978935718536377
0.8260117769241333
0.6999101638793945
0.8390989899635315
0.9899451732635498
0.9872005581855774
0.9870994091033936
0.8669169545173645
0.44118842482566833
0.6784170269966125
0.6029185652732849
0.9498547315597534
0.9730192422866821
0.9855999946594238
0.9866803288459778
0.5913043022155762
0.9849506616592407
0.978022038936615
0.9860770106315613
0.9805527329444885
0.9852267503738403
0.9836214780807495
0.9632106423377991
0.9746497273445129
0.7931033968925476
0.9489569664001465
0.9768785834312439
0.9653115272521973
0.9782698154449463
0.6487679481506348
0.9804045557975769
0.9901111721992493
0.977505087852478
0.8685446381568909
0.5625
0.7254464030265808
0.9490925669670105
0.774085283279419
0.4152381122112274
0.9819685220718384
0.6325966715812683
0.990634024143219
0.9496402740478516
0.9811466336250305
0.7021605372428894
0.6891258358955383
0.9864552617073059
0.9896162748336792
0.8441036343574524
0.9886164665222168
0.9857670068740845
0.7797081470489502
0.9824421405792236
0.5764074921607971
0.9811158776283264
0.6008419394493103
0.9928151965141296
0.39037153124809265
0.5761589407920837
0.8404291868209839
0.9855583310127258
0.9613696336746216
0.982758641242981
0.9867352247238159
0.9634600877761841
0.6220815777778625
0.637992799282074
0.9893653988838196
0.971217155456543
0.9857502579689026
0.9914820790290833
0.9812594056129456
0.6561743021011353
0.9795635938644409
0.9814481735229492
0.9854202270507812
0.8583941459655762
0.6785714030265808
0.3897089660167694
0.8681722283363342
0.722779393196106
0.829676628112793
0.9793694019317627
0.980417788028717
0.9930458664894104
0.7765182852745056
0.9882245659828186
0.960300087928772
0.9858586192131042
0.8341153860092163
0.9793511033058167
0.6773749589920044
0.9797539114952087
0.6076986193656921
0.9879999756813049
0.7141152620315552
0.9817927479743958
0.6062076091766357
0.4776119589805603
0.9855999946594238
0.9726141691207886
0.5878767371177673
0.9912899136543274
0.9786552786827087
0.7962962985038757
0.9855319261550903
0.9792130589485168
0.562428891658783
0.9864734411239624
0.8894582986831665
0.6332430243492126
0.22097758948802948
0.05526589974761009
0.9898219108581543
0.972434401512146
0.9838147163391113
0.9494949579238892
0.985382616519928
0.9626623392105103
0.9837455749511719
0.6510883569717407
0.9685797691345215
0.9667450189590454
0.9795584082603455
0.9304174780845642
0.7651281952857971
0.981514036655426
0.5401803255081177
0.8190624117851257
0.9746328592300415
0.7144400477409363
0.9611993432044983
0.9918625950813293
0.7648745775222778
0.955905020236969
0.991977334022522
0.981034517288208
0.9901835918426514
0.7249375581741333
0.9771641492843628
0.9744375944137573
0.9131224751472473
0.6856315732002258
0.5723934173583984
0.9800225496292114
0.9893100261688232
0.7333800196647644
0.9847050309181213
0.8405458331108093
0.9879430532455444
0.9806396961212158
0.5793491005897522
0.7468239665031433
0.9850631356239319
0.9725306630134583
0.9882519841194153
0.0
0.7342436909675598
0.9794583916664124
0.8971477746963501
0.9792494177818298
0.6476868391036987
0.9843927621841431
0.6413373351097107
0.9075568318367004
0.9495245814323425
0.33170363306999207
0.988109827041626
0.9858155846595764
0.9834319353103638
0.7229928374290466
0.9875800013542175
0.9400778412818909
0.9834535121917725
0.9910057783126831
0.9850850105285645
0.9831460118293762
0.9795528054237366
0.9932023882865906
0.9855195879936218
0.9815078377723694
0.9845519661903381
0.9778920412063599
0.9806202054023743
0.9832689762115479
0.9878172278404236
0.7729393243789673
0.9932562708854675
0.9828423261642456
0.9843750596046448
0.9869627952575684
0.7852437496185303
0.9879828691482544
0.9853861927986145
0.013551216572523117
0.9873520731925964
0.5342356562614441
0.7315040230751038
0.9865168333053589
0.992125928401947
0.9870672225952148
0.7205815315246582
0.9663099050521851
0.9692780375480652
0.980891764163971
0.9794520735740662
0.9407142400741577
0.8058655261993408
0.8556962013244629
0.9898039102554321
0.7836558818817139
0.9774312376976013
0.9769688248634338
0.8492849469184875
0.9872262477874756
0.9709718227386475
0.9701896905899048
0.9673526883125305
0.990024983882904
0.9873908162117004
0.9869171977043152
0.8013157844543457
0.9766590595245361
0.9879439473152161
0.9753979444503784
0.9892650842666626
0.9822537899017334
0.9825811386108398
0.3275017738342285
0.9821566939353943
0.9817460179328918
0.9862884283065796
0.98280930519104
0.9785853028297424
0.9655172228813171
0.9774143099784851
0.976650595664978
0.9791298508644104
0.9868342280387878
0.643115222454071
0.9808121919631958
0.9687154293060303
0.981903076171875
0.9859035015106201
0.947927713394165
0.9911677837371826
0.9935255646705627
0.9922480583190918
0.6329944133758545
0.989304780960083
0.9890310764312744
0.7644248008728027
0.9859550595283508
0.9897142648696899
0.9692069888114929
0.9769659042358398
0.9733598232269287
0.7708420157432556
0.984297513961792
0.9827715158462524
0.9827115535736084
0.9896755218505859
0.5935918688774109
0.9889320731163025
0.9831932187080383
0.7282252907752991
0.541429877281189
0.9840453267097473
0.8933764100074768
0.927629292011261
0.9753184914588928
0.2572886347770691
0.9598540663719177
0.9843513369560242
0.5765079259872437
0.9845361113548279
0.985487699508667
0.983433723449707
0.6153180599212646
0.6939226388931274
0.7981818318367004
0.9817544221878052
0.9855505228042603
0.9785219430923462
0.9849920868873596
0.9888268113136292
0.9756537675857544
0.9840067028999329
0.9767149686813354
0.9946215152740479
0.9772129654884338
0.9789897799491882
0.9917754530906677
0.7749872207641602
0.9823082685470581
0.9848546981811523
0.8491204380989075
0.9778980016708374
0.5255179405212402
0.4497833847999573
0.9832803010940552
0.9717514514923096
0.9860139489173889
0.9359800815582275
0.9223465323448181
0.5905448794364929
0.9870246052742004
0.9659216403961182
0.6930022239685059
0.81105637550354
0.9864475727081299
0.9818034768104553
0.7870813608169556
0.9860748648643494
0.9919075965881348
0.6042065024375916
0.9912391304969788
0.8442124128341675
0.747164785861969
0.9410828351974487
0.9951475262641907
0.9603524208068848
0.6313422918319702
0.6265975832939148
0.8063610792160034
0.9931330680847168
0.9769026041030884
0.9454545378684998
0.9836720824241638
0.9856506586074829
0.9901499152183533
0.9894339442253113
0.9877328276634216
0.9839174747467041
0.7029602527618408
0.5562859773635864
0.9867910146713257
0.495275616645813
0.9893617033958435
0.9182643890380859
0.9811193346977234
0.9924324154853821
0.5835359692573547
0.9356828331947327
0.9843310117721558
0.9817518591880798
0.9843038320541382
0.9900332093238831
0.37393423914909363
0.9887096881866455
0.9866558313369751
0.6231624484062195
0.9675059914588928
0.9860910773277283
0.9844890832901001
0.984514057636261
0.9942047595977783
0.9875414967536926
0.9559412598609924
0.7447938323020935
0.9419600367546082
0.3408333361148834
0.9963898658752441
0.9917911291122437
0.9752407073974609
0.9652374982833862
0.9859241247177124
0.927058756351471
0.9786046147346497
0.6901905536651611
0.7981221079826355
0.9789644479751587
0.9452055096626282
0.9878049492835999
0.9845938682556152
0.5697799921035767
0.9578947424888611
0.9942470788955688
0.9733060002326965
0.986151933670044
0.6865371465682983
0.6398524045944214
0.917277455329895
0.9799196720123291
0.8877400755882263
0.9880728721618652
0.992643415927887
0.9848771095275879
0.9875802993774414
0.9923479557037354
0.9805375337600708
0.9601929783821106
0.8769397139549255
0.9282960891723633
0.987034797668457
0.9900039434432983
0.9564782381057739
0.9906541705131531
0.7118194103240967
0.8362741470336914
0.9257862567901611
0.9758493304252625
0.8306010961532593
0.9869029521942139
0.2965908944606781
0.9903225898742676
0.9521690607070923
0.9100039005279541
0.9745115041732788
0.5693240761756897
0.9818488955497742
0.9821169376373291
0.9936448931694031
0.6773495078086853
0.9863481521606445
0.9890936017036438
0.9898386597633362
0.9913355708122253
0.9786136150360107
0.9757934212684631
0.9809794425964355
0.9797167181968689
0.9494311213493347
0.9923847317695618
0.9836065173149109
0.9802513122558594
0.9900638461112976
0.3519177734851837
0.7061542868614197
0.7064571976661682
0.9865907430648804
0.9769911170005798
0.9544468522071838
0.9875457882881165
0.9867398142814636
0.9546089172363281
0.9795917868614197
0.8066022992134094
0.7507911324501038
0.7364017367362976
0.9469090700149536
0.9814985990524292
0.5550627708435059
0.9842334389686584
0.9762808084487915
0.9870610237121582
0.9845268130302429
0.5952525734901428
0.6912248730659485
0.9813218712806702
0.8634868264198303
0.7999999523162842
0.9770688414573669
0.989031970500946
0.9887850284576416
0.645886242389679
0.9857205152511597
0.9504373073577881
0.6556268334388733
0.9822741150856018
0.7149220108985901
0.9825783371925354
0.9883673787117004
0.9896000027656555
0.6260427832603455
0.9752560257911682
0.9839572310447693
0.40408802032470703
0.5004650950431824
0.9790964126586914
0.9657504558563232
0.9682590365409851
0.950313150882721
0.9798775315284729
0.9039972424507141
0.9696969985961914
0.977540135383606
0.9838449954986572
0.9854856133460999
0.82657390832901
0.9795067310333252
0.9685133695602417
0.9890795946121216
0.9783677458763123
0.6795158982276917
0.2499999850988388
0.9876238107681274
0.9618834257125854
0.7651847004890442
0.980079710483551
0.9880734086036682
0.9540761709213257
0.9797101020812988
0.9796529412269592
0.7729729413986206
0.9682539701461792
0.9887359142303467
0.9646821618080139
0.9627808332443237
0.9775640964508057
0.9792013764381409
0.7666666507720947
0.9497678279876709
0.9855747222900391
0.9885641932487488
0.9822485446929932
0.5351378917694092
0.6598122715950012
0.9861239790916443
0.9771324992179871
0.9883953332901001
0.9864864945411682
0.9651085734367371
0.8998178243637085
0.7261815667152405
0.3604515492916107
0.762893557548523
0.9852216839790344
0.9903076887130737
0.7948818206787109
0.9827728271484375
0.976045548915863
0.908108115196228
0.914576530456543
0.9853061437606812
0.9910554885864258
0.9825513958930969
0.9905499219894409
0.971112072467804
0.7205128073692322
0.9869564771652222
0.9723589420318604
0.988304078578949
0.9847328066825867
0.9901960492134094
0.9938561916351318
0.9872495532035828
0.9852663278579712
0.9809213280677795
0.9021003246307373
0.6824560761451721
0.9862805008888245
0.9813664555549622
0.44237223267555237
0.9839800596237183
0.9941691160202026
0.8195857405662537
0.9823076725006104
0.985531210899353
0.9897172451019287
0.9870316982269287
0.9970958232879639
0.40688687562942505
0.855087399482727
0.9770520329475403
0.9332919716835022
0.48736998438835144
0.4686775505542755
0.5649013519287109
0.9814384579658508
0.9868587851524353
0.5676175951957703
0.6619501709938049
0.9873590469360352
0.9862475991249084
0.9818913340568542
0.9848331809043884
0.7099391222000122
0.9720820784568787
0.9927536249160767
0.9880597591400146
0.6394678950309753
0.98659747838974
0.738476037979126
0.9820972681045532
0.9811320900917053
0.9820051193237305
0.975435733795166
0.0
0.9799275398254395
0.9771986603736877
0.9834884405136108
0.9787078499794006
0.8907730579376221
0.6285444498062134
0.9801616668701172
0.9908350110054016
0.9828353524208069
0.3818466365337372
0.9852875471115112
0.9813200235366821
0.8780686855316162
0.9874631762504578
0.9829683303833008
0.9438511729240417
0.990854799747467
0.9818586111068726
0.9847511649131775
0.9891989231109619
0.7163489460945129
0.7908653616905212
0.6278210878372192
0.9935484528541565
0.9940012693405151
0.9727047681808472
0.9591679573059082
0.9919383525848389
0.993661642074585
0.9739535450935364
0.9852878451347351
0.986212432384491
0.98778235912323
0.5263691544532776
0.9926760792732239
0.9599689841270447
0.981909990310669
0.9824711084365845
0.989062488079071
0.9836458563804626
0.9836380481719971
0.9891576170921326
0.9752508401870728
0.9747368693351746
0.9792986512184143
0.986821711063385
0.9526928067207336
0.9899665713310242
0.9835759997367859
0.982305109500885
0.9693305492401123
0.987265944480896
0.9660961627960205
0.9899691343307495
0.9857932329177856
0.6534489393234253
0.9792560338973999
0.7993268966674805
0.9705780148506165
0.9592726826667786
0.9930814504623413
0.9740614891052246
0.958469033241272
0.9787408113479614
0.8312368988990784
0.9602169394493103
0.9743252396583557
0.9064989686012268
0.9865626096725464
0.6157289147377014
0.9923586845397949
0.9772013425827026
0.9865841269493103
0.9897233247756958
0.9704433679580688
0.977931022644043
0.966357946395874
0.9834350943565369
0.6281588673591614
0.9812930226325989
0.949462354183197
0.9875666499137878
0.9739039540290833
0.9243630170822144
0.824246346950531
0.9606608748435974
0.9847878217697144
0.9004998207092285
0.9618217945098877
0.9797898530960083
0.8417818546295166
0.6321788430213928
0.6298157572746277
0.9881823658943176
0.9842141270637512
0.7890588641166687
0.7376697659492493
0.9808679223060608
0.9826589822769165
0.9855884909629822
0.6015086770057678
0.9840617179870605
0.8538614511489868
0.9819858074188232
0.9884130954742432
0.8084670305252075
0.9831430315971375
0.9850313663482666
0.9803656339645386
0.7366120219230652
0.7484423518180847
0.5715841054916382
0.988095223903656
0.9587750434875488
0.8259860873222351
0.9831775426864624
0.9540549516677856
0.6620745658874512
0.9334383606910706
0.9788093566894531
0.8581408262252808
0.9856654405593872
0.5445877909660339
0.983858585357666
0.9765732884407043
0.5950607657432556
0.9797344207763672
0.6658795475959778
0.7446061372756958
0.9871594309806824
0.9895262122154236
0.9816972017288208
0.9595929384231567
0.9915492534637451
0.9680207371711731
0.9854544997215271
0.9583146572113037
0.9852774143218994
0.8735554814338684
0.9907094240188599
0.9778640270233154
0.9673313498497009
0.9897348284721375
0.9861675500869751
0.9916067123413086
0.9856361746788025
0.6447931528091431
0.943396270275116
0.8499209880828857
0.9825454950332642
0.20315399765968323
0.5389947891235352
0.9879518151283264
0.6833463907241821
0.9886105060577393
0.9700552225112915
0.952056884765625
0.9887640476226807
0.9291598200798035
0.9864292144775391
0.7225896120071411
0.9864326119422913
0.8226478099822998
0.8572854399681091
0.7034534215927124
0.9886621236801147
0.6317387819290161
0.8546867966651917
0.9893767237663269
0.6029767990112305
0.9787392616271973
0.6586059927940369
0.8984047770500183
0.8359917402267456
0.7591323852539062
0.896081805229187
0.9892569184303284
0.9808362722396851
0.7021582722663879
0.9779536724090576
0.9860835075378418
0.9715394973754883
0.9877551794052124
0.9791204333305359
0.7224575877189636
0.9827213883399963
0.9796481132507324
0.9798153042793274
0.9835538864135742
0.9515848755836487
0.9728868007659912
0.9894433617591858
0.8125538229942322
0.9371368288993835
0.9850885272026062
0.9164556264877319
0.5535433292388916
0.9873968362808228
0.7236350774765015
0.9752824902534485
0.9682348370552063
0.9884827136993408
0.9749463200569153
0.9592180252075195
0.783068835735321
0.8679245114326477
0.9821882247924805
0.9620422720909119
0.5490683317184448
0.7238299250602722
0.9909768104553223
0.9842222929000854
0.9848431944847107
0.9788489937782288
0.9761741757392883
0.9904918670654297
0.8135461211204529
0.5842525959014893
0.9915468692779541
0.9884194135665894
0.9723403453826904
0.39024388790130615
0.9858127236366272
0.9899607300758362
0.9893028140068054
0.9821622967720032
0.7608494758605957
0.6916890144348145
0.8051281571388245
0.9863842725753784
0.983106791973114
0.9803526401519775
0.9831858277320862
0.6633597612380981
0.9537468552589417
0.9904264807701111
0.5953488945960999
0.9371693134307861
0.6385205984115601
0.6929032206535339
0.9883086085319519
0.8656126856803894
0.9107033014297485
0.6244131922721863
0.9640506505966187
0.9882746934890747
0.9213011264801025
0.9858793616294861
0.9778597354888916
0.7529522776603699
0.9901477694511414
0.0
0.9899068474769592
0.9728884696960449
0.7981953024864197
0.22512562572956085
0.9926565289497375
0.9895790219306946
0.9882619976997375
0.677437961101532
0.9895870685577393
0.9703522324562073
0.9502688646316528
0.3309982419013977
0.9933716654777527
0.6757038831710815
0.759746789932251
0.22055135667324066
0.5868162512779236
0.9867752194404602
0.9180327653884888
0.9882044792175293
0.9812190532684326
0.29752063751220703
0.9803754687309265
0.9824095964431763
0.9934940934181213
0.9895932078361511
0.4665704667568207
0.547352135181427
0.9867955446243286
0.9864661693572998
0.7335012555122375
0.8830162286758423
0.6727209091186523
0.6431718468666077
0.6556016802787781
0.9470142722129822
0.9707927703857422
0.9851239919662476
0.9943274259567261
0.9857740998268127
0.9820948839187622
0.8805848956108093
0.9878509640693665
0.9834253787994385
0.9859907031059265
0.6229242086410522
0.9831546545028687
0.7234475612640381
0.9805963039398193
0.973992109298706
0.7986838221549988
0.9898858666419983
0.9921540021896362
0.6320000290870667
0.5919594764709473
0.982694685459137
0.9878304600715637
0.9080326557159424
0.987608015537262
0.9829351305961609
0.8215711712837219
0.9842125773429871
0.9355526566505432
0.9940394163131714
0.984107255935669
0.9738885760307312
0.9872028827667236
0.4914035499095917
0.6400570273399353
0.9901105761528015
0.9653465747833252
0.9894272685050964
0.9577922821044922
0.9870572090148926
0.8958470821380615
0.48623570799827576
0.9882588982582092
0.8135332465171814
0.9796250462532043
0.9854803681373596
0.9918578267097473
0.8670862913131714
0.9857777953147888
0.9915212392807007
0.9730740189552307
0.9848875403404236
0.9820475578308105
0.951787531375885
0.9905311465263367
0.9867203831672668
0.9358132481575012
0.9885420799255371
0.9789631366729736
0.9817118048667908
0.9828990697860718
0.9898074865341187
0.7095375657081604
0.9887388348579407
0.30595964193344116
0.9757343530654907
0.9581810235977173
0.9882115125656128
0.7416321635246277
0.9914807081222534
0.6464478969573975
0.6789595484733582
0.9848066568374634
0.9847215414047241
0.9890955686569214
0.9866970777511597
0.18173076212406158
0.9820525050163269
0.8379757404327393
0.9787815809249878
0.9764936566352844
0.7626931667327881
0.9913930296897888
0.6254737973213196
0.8230699896812439
0.73527592420578
0.4587782919406891
0.9782262444496155
0.9833764433860779
0.9634285569190979
0.9915088415145874
0.9804229140281677
0.9440789222717285
0.9892333149909973
0.9780853390693665
0.975033700466156
0.9615384936332703
0.9803023934364319
0.7222815752029419
0.99095219373703
0.9903581142425537
0.6508238315582275
0.9844644069671631
0.9826503992080688
0.8303056955337524
0.9855638742446899
0.8113079071044922
0.969957172870636
0.9620437622070312
0.9879688620567322
0.7148630619049072
0.9862623810768127
0.9755833148956299
0.9815212488174438
0.9461648464202881
0.6316799521446228
0.97398841381073
0.7127545475959778
0.9699699878692627
0.9466560482978821
0.9894180297851562
0.9882032871246338
0.948691189289093
0.003229278838261962
0.6719481348991394
0.9857288599014282
0.9770253300666809
0.6935803890228271
0.9847527146339417
0.9890710711479187
0.9855793118476868
0.9896083474159241
0.6081966757774353
0.993665874004364
0.9782525300979614
0.9769585132598877
0.0
0.9852631688117981
0.9839872717857361
0.985049843788147
0.8904299736022949
0.9873545169830322
0.9788618087768555
0.9849823117256165
0.8806906938552856
0.9855351448059082
0.6811829805374146
0.9684030413627625
0.8796715140342712
0.9827523827552795
0.9711246490478516
0.9884541630744934
0.588477373123169
0.5054944753646851
