0.9054912328720093
0.974143922328949
0.9889705777168274
0.9799072742462158
0.976102352142334
0.9809445738792419
0.8446800708770752
0.9549605846405029
0.9802658557891846
0.921320915222168
0.826117753982544
0.9711751937866211
0.9628081917762756
0.9845325946807861
0.9810996055603027
0.9372236728668213
0.9814586043357849
0.9880355596542358
0.9677419066429138
0.7032629251480103
0.9071527123451233
0.9694779515266418
0.8889819979667664
0.9693728685379028
0.9752936959266663
0.7913957238197327
0.9729300141334534
0.9794952869415283
0.9587528109550476
0.9855343103408813
0.9725490212440491
0.9810276031494141
0.8012232780456543
0.978066623210907
0.983519434928894
0.9835315346717834
0.8254641890525818
0.8270944952964783
0.9766847491264343
0.979656994342804
0.9831622838973999
0.9776186943054199
0.9824267029762268
0.9672577977180481
0.9747108817100525
0.9767261743545532
0.9695752263069153
0.954517126083374
0.9829221963882446
0.9732253551483154
0.9761289954185486
0.9803921580314636
0.9779775142669678
0.9773719310760498
0.9812446236610413
0.9719769358634949
0.9888889193534851
0.9772217273712158
0.9885758757591248
0.8377444744110107
0.9297945499420166
0.9295282363891602
0.944615364074707
0.6601811647415161
0.9778295755386353
0.8209989666938782
0.9746233224868774
0.9149463176727295
0.9626079201698303
0.9723289608955383
0.9151157140731812
0.9900811314582825
0.9874186515808105
0.8539852499961853
0.9688952565193176
0.9695897698402405
0.9886792898178101
0.9686434864997864
0.9842067360877991
0.9687163233757019
0.9814814925193787
0.9705666303634644
0.6561776995658875
0.974450409412384
0.9811320900917053
0.9846919775009155
0.9574803113937378
0.7251282334327698
0.7889763712882996
0.971588671207428
0.9832437634468079
0.9730573296546936
0.9669889807701111
0.9699491262435913
0.9781659245491028
0.932983934879303
0.9808823466300964
0.988335132598877
0.9762938618659973
0.9773352146148682
0.987964391708374
0.9921332597732544
0.9928058385848999
0.9885655045509338
0.9732334017753601
0.9631619453430176
0.9852613210678101
0.6646526455879211
0.9661445021629333
0.9842021465301514
0.9757027626037598
0.9825347065925598
0.9637032747268677
0.9841549396514893
0.9795493483543396
0.9683809280395508
0.5362106561660767
0.9931787252426147
0.9885714650154114
0.7823070883750916
0.9781625866889954
0.9857197999954224
0.9729233384132385
0.9832707643508911
0.9811188578605652
0.9806666970252991
0.619463324546814
0.9296325445175171
0.9824438691139221
0.9738751649856567
0.35203519463539124
0.6726619005203247
0.9724137783050537
0.9854509830474854
0.9678701758384705
0.9776692390441895
0.9228358864784241
0.980201244354248
0.9800203442573547
0.9870759844779968
0.6733620166778564
0.9578574299812317
0.636896014213562
0.9786573648452759
0.9788632988929749
0.9793054461479187
0.9637654423713684
0.995192289352417
0.9812972545623779
0.8063271641731262
0.9356555938720703
0.9835189580917358
0.8898157477378845
0.9918621778488159
0.34808263182640076
0.9680657386779785
0.818639874458313
0.9873722195625305
0.990924060344696
0.9734339118003845
0.9645389914512634
0.9865913391113281
0.8464751839637756
0.969064474105835
0.5556643605232239
0.6995734572410583
0.9818826913833618
0.984929084777832
0.9702639579772949
0.8164882659912109
0.9877300262451172
0.8562334179878235
0.9764829277992249
0.648803174495697
0.9827948212623596
0.8273093104362488
0.7197170853614807
0.9753867983818054
0.9754577279090881
0.985751211643219
0.9849624037742615
0.9848384857177734
0.8854512572288513
0.9661144614219666
0.9835526943206787
0.8246527910232544
0.9752560257911682
0.972842812538147
0.9720044732093811
0.9780793190002441
0.9632756114006042
0.5827865600585938
0.9736644625663757
0.9832654595375061
0.9589931964874268
0.9852412939071655
0.9717682003974915
0.9673202633857727
0.9807482957839966
0.9809826612472534
0.9808977246284485
0.9711827635765076
0.6766355037689209
0.9889523386955261
0.9404255747795105
0.9858823418617249
0.9876627922058105
0.5980775952339172
0.8070175051689148
0.986882746219635
0.9791355729103088
0.8243160843849182
0.9854851961135864
0.9843639135360718
0.9547444581985474
0.6329460144042969
0.9836218953132629
0.9695636034011841
0.5737890005111694
0.9818780422210693
0.5054308176040649
0.9809286594390869
0.7786561250686646
0.866727888584137
0.6428571343421936
0.9377859234809875
0.9267725944519043
0.9810100793838501
0.9478827118873596
0.5334821343421936
0.9884374141693115
0.970805823802948
0.9726331233978271
0.9835546612739563
0.9722980856895447
0.9781790375709534
0.9743127822875977
0.9784719944000244
0.9919809699058533
0.9829683899879456
0.9735370874404907
0.6323091983795166
0.9795361757278442
0.894444465637207
0.9692968726158142
0.8369529843330383
0.9664013385772705
0.9794816970825195
0.9707560539245605
0.8967992663383484
0.6596691608428955
0.9869925379753113
0.9820126295089722
0.9810996055603027
0.9813664555549622
0.9797570705413818
0.9817708134651184
0.978723406791687
0.9658054709434509
0.9762482047080994
0.6172515749931335
0.9900442361831665
0.9842271208763123
0.8704819679260254
0.9803723692893982
0.9137842059135437
0.9821683764457703
0.5546436309814453
0.9890431761741638
0.9825000166893005
0.9740008115768433
0.9243188500404358
0.9612084031105042
0.9901478290557861
0.995125412940979
0.9828379154205322
0.9736477136611938
0.9778205752372742
0.5298880934715271
0.9417704343795776
0.9810448288917542
0.9770064949989319
0.9764364957809448
0.7686116695404053
0.5649520754814148
0.9768211841583252
0.6648696660995483
0.9837978482246399
0.968973696231842
0.9735124111175537
0.9760201573371887
0.9276065230369568
0.7749110460281372
0.9725669026374817
0.9864000082015991
0.9253308176994324
0.9773502945899963
0.9773463010787964
0.9429839253425598
0.7872263789176941
0.984964907169342
0.9760119915008545
0.9751461744308472
0.9702811241149902
0.9869524836540222
0.9677624106407166
0.9771106243133545
0.9027208089828491
0.9821200370788574
0.9831181168556213
0.9561920166015625
0.9860110878944397
0.9792641997337341
0.7673469185829163
0.9788069128990173
0.928266704082489
0.6666666269302368
0.9523810148239136
0.9852871298789978
0.969595730304718
0.9869022369384766
0.9808453917503357
0.9791366457939148
0.9774774312973022
0.966079592704773
0.9616678357124329
0.9833271503448486
0.9533962607383728
0.9222222566604614
0.6498299837112427
0.9784735441207886
0.9778111577033997
0.9774436354637146
0.9459875822067261
0.9814071655273438
0.9785714149475098
0.985988199710846
0.9879749417304993
0.9904943108558655
0.9893203973770142
0.8054651618003845
0.8485531210899353
0.9757623076438904
0.979812502861023
0.9851541519165039
0.6596674919128418
0.9819945096969604
0.9731730222702026
0.9641895294189453
0.9768177270889282
0.9803328514099121
0.820816159248352
0.9727755784988403
0.966572642326355
0.8783999085426331
0.9713414907455444
0.9509202241897583
0.9422548413276672
0.9588688611984253
0.9646552205085754
0.6389694213867188
0.9044967889785767
0.9422680735588074
0.9789562821388245
0.930973470211029
0.9719626307487488
0.9708805084228516
0.9654310345649719
0.9714285731315613
0.829220175743103
0.9848854541778564
0.987732470035553
0.9771348834037781
0.8293503522872925
0.9768297076225281
0.987398087978363
0.9727082252502441
0.9607123732566833
0.9897779226303101
0.9926266670227051
0.9865604639053345
0.9869083166122437
0.986270010471344
0.6397106647491455
0.9748218655586243
0.9807692170143127
0.982792854309082
0.9822425246238708
0.983038067817688
0.9563910365104675
0.9883817434310913
0.9922353625297546
0.9880042672157288
0.82113116979599
0.9803476929664612
0.8398576378822327
0.9855623841285706
0.9850283861160278
0.9707948565483093
0.7996864914894104
0.9838961362838745
0.9785512089729309
0.9874074459075928
0.975548505783081
0.9842247366905212
0.8111639022827148
0.9759876132011414
0.9012296795845032
0.9924685955047607
0.975939154624939
0.5324127078056335
0.9791667461395264
0.9658273458480835
0.9794922471046448
0.9743589758872986
0.5761218070983887
0.9749247431755066
0.9556276798248291
0.9906659126281738
0.9847782850265503
0.9694154262542725
0.7863371968269348
0.41265568137168884
0.9871271848678589
0.9728279113769531
0.9149765968322754
0.9826325178146362
0.984000027179718
0.9681008458137512
0.8859434723854065
0.9639414548873901
0.9679461717605591
0.9843038320541382
0.9705763459205627
0.946553111076355
0.9663224220275879
0.979455292224884
0.9788273572921753
0.9770928621292114
0.9735682606697083
0.9829145073890686
0.9881734848022461
0.9900990128517151
0.9063621759414673
0.980830729007721
0.9829374551773071
0.9873050451278687
0.639511227607727
0.9825341105461121
0.9723320007324219
0.5304211974143982
0.972633421421051
0.9688335061073303
0.9730151891708374
0.9854117631912231
0.7284035682678223
0.9849072694778442
0.9694287776947021
0.8003965616226196
0.9789473414421082
0.9767742156982422
0.9846360087394714
0.977705717086792
0.6372212767601013
0.9757617115974426
0.9442484378814697
0.9764258861541748
0.984856367111206
0.9836288690567017
0.9750195145606995
0.9620932936668396
0.6167471408843994
0.9803136587142944
0.8999093174934387
0.9784801602363586
0.5914397239685059
0.8126410841941833
0.9767441749572754
0.9778188467025757
0.9816091656684875
0.9487394094467163
0.9831181764602661
0.5534791350364685
0.9410492777824402
0.690115749835968
0.9855361580848694
0.574614942073822
0.9637930989265442
0.9785488247871399
0.6854271292686462
0.9890338778495789
0.6847661733627319
0.9499443769454956
0.9809682369232178
0.9725854992866516
0.9908785223960876
0.974548876285553
0.980161190032959
0.9647494554519653
0.9608516693115234
0.9771197438240051
0.5511758327484131
0.7900676727294922
0.9842805862426758
0.8764845728874207
0.955302357673645
0.8604528903961182
0.9878755807876587
0.8951160311698914
0.9715520739555359
0.9850234985351562
0.9241146445274353
0.8381915092468262
0.6664086580276489
0.8086318373680115
0.985320508480072
0.9747768640518188
0.9843014478683472
0.9142594933509827
0.8505746722221375
0.964285671710968
0.53589928150177
0.9783174395561218
0.9860973954200745
0.978741466999054
0.8574231266975403
0.983022153377533
0.9793293476104736
0.9858335852622986
0.9619312882423401
0.9493726491928101
0.9799519181251526
0.9830124378204346
0.9798270463943481
0.9848121404647827
0.973566472530365
0.7962754368782043
0.9820210337638855
0.9715789556503296
0.7157287001609802
0.980891764163971
0.9741309285163879
0.9681528806686401
0.976900577545166
0.983969509601593
0.9682273864746094
0.9769315123558044
0.9466078281402588
0.9329519867897034
0.6128804087638855
0.9846359491348267
0.6147945523262024
0.9793745875358582
0.9652220010757446
0.9818052649497986
0.9676627516746521
0.9832215309143066
0.9871305227279663
0.974267303943634
0.6523809432983398
0.9806408286094666
0.9773486852645874
0.9771092534065247
0.9855421185493469
0.981378972530365
0.983913242816925
0.9804736971855164
0.9844357371330261
0.9749559164047241
0.9810671210289001
0.9773507714271545
0.990999162197113
0.9701774716377258
0.8466367721557617
0.9699896574020386
0.969772219657898
0.9740778207778931
0.7914012670516968
0.6248074173927307
0.9697986841201782
0.9771822094917297
0.9747492074966431
0.8605549931526184
0.9715216159820557
0.986655592918396
0.9662189483642578
0.9737797379493713
0.7938625812530518
0.9823651909828186
0.8977805376052856
0.9779969453811646
0.8492101430892944
0.9752593636512756
0.9774266481399536
0.9801658987998962
0.9814727306365967
0.6692308187484741
0.9819121956825256
0.875158429145813
0.9789891839027405
0.9627889394760132
0.9674319624900818
0.9695501923561096
0.9810240268707275
0.9837793707847595
0.7763457298278809
0.9867675304412842
0.9645441770553589
0.9261811375617981
0.6494805812835693
0.9633740186691284
0.9447377920150757
0.9846773743629456
0.9915966391563416
0.9822263717651367
0.9732535481452942
0.986514151096344
0.9669088125228882
0.4768211543560028
0.9814513325691223
0.9865514039993286
0.9804840683937073
0.9815951585769653
0.9778705835342407
0.9715725183486938
0.8256765007972717
0.9683340787887573
0.988227367401123
0.982783317565918
0.2793201208114624
0.8704184889793396
0.7764887809753418
0.9911189079284668
0.6862744688987732
0.9565950632095337
0.7674651145935059
0.9729981422424316
0.9781849980354309
0.9731663465499878
0.9895517230033875
0.9743127822875977
0.9903101325035095
0.9867310523986816
0.9798488020896912
0.5573179721832275
0.9790540933609009
0.6504285335540771
0.9638655781745911
0.9853085279464722
0.9778480529785156
0.9866343140602112
0.9519817233085632
0.9805269241333008
0.9926335215568542
0.9787664413452148
0.9850952625274658
0.9781228303909302
0.7859560251235962
0.9611151814460754
0.3167155385017395
0.975412905216217
0.9460625648498535
0.8430209159851074
0.9747351408004761
0.9590362310409546
0.9431051015853882
0.9837156534194946
0.966744065284729
0.9776248335838318
0.9513651728630066
0.9687184691429138
0.9873782992362976
0.9862924814224243
0.9820404648780823
0.9774224162101746
0.9849624037742615
0.6844783425331116
0.9644527435302734
0.9861182570457458
0.966637372970581
0.9706498384475708
0.960597813129425
0.779302179813385
0.9773913025856018
0.9822732210159302
0.9830508828163147
0.984096348285675
0.9763991236686707
0.9789244532585144
0.9829379320144653
0.9848078489303589
0.9760147333145142
0.9792265892028809
0.961778998374939
0.9772828221321106
0.8795620799064636
0.8820224404335022
0.982770562171936
0.9793620705604553
0.9708663821220398
0.8651465773582458
0.9831834435462952
0.7982035875320435
0.9696569442749023
0.9808523058891296
0.8179404139518738
0.9742180109024048
0.9769821166992188
0.9882712960243225
0.7924050688743591
0.7180926203727722
0.9770562052726746
0.8519030809402466
0.9764358997344971
0.7873684763908386
0.7641509175300598
0.9761193990707397
0.9784297347068787
0.8836060762405396
0.9913994669914246
0.9356486201286316
0.9848966598510742
0.9496598839759827
0.9794105291366577
0.9710873365402222
0.9292357563972473
0.8117510676383972
0.9821260571479797
0.9925000071525574
0.9638455510139465
0.9820129871368408
0.5947265625
0.9846556186676025
0.9798775315284729
0.9861751198768616
0.8127884864807129
0.9848540425300598
0.7716141939163208
0.9463018774986267
0.9674901962280273
0.9672597646713257
0.6515337228775024
0.7560082077980042
0.9667721390724182
0.8820116519927979
0.9729986190795898
0.975417971611023
0.96517413854599
0.9794820547103882
0.9804129004478455
0.964285671710968
0.9722882509231567
0.9907121062278748
0.9829124212265015
0.9839968085289001
0.7989304661750793
0.982358455657959
0.9833119511604309
0.884527325630188
0.9862504601478577
0.966325044631958
0.955176591873169
0.8108108043670654
0.8640483021736145
0.979697048664093
0.9762020707130432
0.9881141781806946
0.9780885577201843
0.9802666306495667
0.9799115061759949
0.8991633057594299
0.9744861721992493
0.9715575575828552
0.978448212146759
0.9806848168373108
0.9661229848861694
0.9831804633140564
0.9887559413909912
0.9870887994766235
0.9854838848114014
0.9866155982017517
0.978632390499115
0.977307140827179
0.9831864833831787
0.9764012098312378
0.9858906269073486
0.9788150191307068
0.9829842448234558
0.9824828505516052
0.9809917211532593
0.9844903349876404
0.9844479560852051
0.9720279574394226
0.9878880381584167
0.8038314580917358
0.9761905074119568
0.6793103218078613
0.9864365458488464
0.9928250908851624
0.8409090638160706
0.9770852327346802
0.9757728576660156
0.9849461913108826
0.9801070094108582
0.9853003025054932
0.9879154562950134
0.9795306921005249
0.4902998208999634
0.9845923185348511
0.9791183471679688
0.9456900954246521
0.9721242785453796
0.9785338044166565
0.984775722026825
0.9571788311004639
0.9887107014656067
0.9782383441925049
0.9587365984916687
0.9904841184616089
0.9705235362052917
0.9501891136169434
0.9836503863334656
0.9836462736129761
0.9876053929328918
0.984279453754425
0.9734042286872864
0.9406896233558655
0.9270134568214417
0.9681181907653809
0.9750803709030151
0.976342499256134
0.9772607684135437
0.807978093624115
0.9024529457092285
0.9735357761383057
0.9605609178543091
0.9775226712226868
0.3771512508392334
0.9664747714996338
0.9781601428985596
0.9782409071922302
0.9761310815811157
0.9798296689987183
0.9264956712722778
0.907489001750946
0.9807761907577515
0.9815124869346619
0.9750632643699646
0.9815362095832825
0.675639271736145
0.9777159094810486
0.9659477472305298
0.6003344655036926
0.9692167043685913
0.986406147480011
0.9767441749572754
0.973375141620636
0.8464163541793823
0.987978994846344
0.760765552520752
0.982206404209137
0.9399037957191467
0.980851948261261
0.96891188621521
0.9800124764442444
0.6614173650741577
0.9856035113334656
0.9769778251647949
0.6867684125900269
0.9712810516357422
0.9827067852020264
0.9729250073432922
0.5783916115760803
0.7054464817047119
0.9703328609466553
0.7713606953620911
0.9778890609741211
0.9365138411521912
0.9734585285186768
0.9804971814155579
0.9762900471687317
0.9881452918052673
0.7458866238594055
0.987792432308197
0.9620853066444397
0.9786534905433655
0.6114742159843445
0.9788135886192322
0.9765034317970276
0.9685373902320862
0.9659150242805481
0.9860396385192871
0.9839686751365662
0.991525411605835
0.9736676812171936
0.9726618528366089
0.9773463010787964
0.9809725284576416
0.7573561072349548
0.9867886304855347
0.9868819713592529
0.7952054738998413
0.9762741923332214
0.9749596118927002
0.9039252996444702
0.9902228116989136
0.9801249504089355
0.9747539162635803
0.5434861183166504
0.9780661463737488
0.9483568668365479
0.9880785346031189
0.8802697658538818
0.806584358215332
0.9123006463050842
0.6801231503486633
0.984375
0.8607908487319946
0.9839505553245544
0.9165207147598267
0.982948899269104
0.9866291284561157
0.9742524027824402
0.9202397465705872
0.9754098653793335
0.9046114683151245
0.7257224321365356
0.9359886050224304
0.8747763633728027
0.9751204252243042
0.973729133605957
0.9929442405700684
0.9770073890686035
0.985944390296936
0.9867046475410461
0.9704209566116333
0.9793548583984375
0.9901329278945923
0.9653958678245544
0.9871200919151306
0.7863604426383972
0.9821573495864868
0.987522304058075
0.977834939956665
0.986924946308136
0.994209349155426
0.9377909302711487
0.9722374081611633
0.7531549334526062
0.9742268323898315
0.6407523155212402
0.905920147895813
0.973045825958252
0.9026002883911133
0.9796748161315918
0.9723451137542725
0.9431137442588806
0.7730451226234436
0.7918781638145447
0.9784119725227356
0.9825437068939209
0.9884544610977173
0.9799678921699524
0.9711495637893677
0.9844170212745667
0.4648166298866272
0.9808462858200073
0.9644172191619873
0.8740052580833435
0.9224490523338318
0.8947595953941345
0.9857346415519714
0.9626865386962891
0.9825783967971802
0.9898430109024048
0.9798489212989807
0.981115460395813
0.9780963659286499
0.9709281921386719
0.6140022873878479
0.9785641431808472
0.98233562707901
0.9886271357536316
0.9819639325141907
0.6553280353546143
0.9743590354919434
0.9631533622741699
0.9748823642730713
0.5470443964004517
0.9876819849014282
0.8837209939956665
0.9720101356506348
0.9383533596992493
0.9715071320533752
0.9855492115020752
0.7338298559188843
0.9843489527702332
0.9711712002754211
0.8374558091163635
0.9760802388191223
0.8213457465171814
0.9303796887397766
0.9805789589881897
0.9804772138595581
0.9817858934402466
0.9823789000511169
0.9834586381912231
0.9712092280387878
0.9216175675392151
0.9858605861663818
0.9876543879508972
0.9790757894515991
0.9636135697364807
0.9729207158088684
0.8181537389755249
0.9693486094474792
0.9691331386566162
0.9708589315414429
0.6211527585983276
0.8702127933502197
0.9726331233978271
0.9815906286239624
0.9869883060455322
0.9547862410545349
0.6089407801628113
0.9857969284057617
0.9842416048049927
0.9775943160057068
0.9824224710464478
0.8370124101638794
0.9547038078308105
0.9872460961341858
0.980979323387146
0.9891696572303772
0.9839527010917664
0.9801192879676819
0.9870216250419617
0.9805215001106262
0.9831547141075134
0.9672873616218567
0.975369393825531
0.8709530234336853
0.9796054363250732
0.9777038097381592
0.9404271841049194
0.9823874831199646
0.982845664024353
0.4992614686489105
0.9879822731018066
0.9751243591308594
0.9825296401977539
0.9723678827285767
0.7572977542877197
0.9801324009895325
0.9799675941467285
0.984965443611145
0.8755540251731873
0.68824303150177
0.9680696725845337
0.9704641103744507
0.9691674709320068
0.8768115043640137
0.982418417930603
0.9854040741920471
0.9736631512641907
0.9819334745407104
0.9693679809570312
0.9508506655693054
0.9702434539794922
0.983660101890564
0.9759734272956848
0.980600893497467
0.8244274854660034
0.9743775129318237
0.9755256772041321
0.978835940361023
0.9907275438308716
0.9625000357627869
0.9422080516815186
0.8351927995681763
0.9824561476707458
0.9564927816390991
0.8858368992805481
0.9852333664894104
0.7577807903289795
0.9782718420028687
0.9716885685920715
0.7839850783348083
0.9560810327529907
0.9802197813987732
0.9824187159538269
0.9813418984413147
0.9259594678878784
0.5999999642372131
0.9677944779396057
0.6074169278144836
0.9707971215248108
0.9790145754814148
0.9647059440612793
0.8160882592201233
0.9885583519935608
0.9846917390823364
0.9836168885231018
0.9292412400245667
0.9650455713272095
0.9752066731452942
0.9819414019584656
0.9836867451667786
0.9063694477081299
0.9758263230323792
0.9834660291671753
0.9597855806350708
0.9805418252944946
0.9719974994659424
0.9865893125534058
0.9380081295967102
0.9768271446228027
0.9659807085990906
0.7969563007354736
0.9718969464302063
0.9673634171485901
0.9676738977432251
0.9849387407302856
0.8037848472595215
0.9902912378311157
0.981447160243988
0.8746911287307739
0.9813486337661743
0.9718918800354004
0.9530744552612305
0.9652997255325317
0.9848213791847229
0.95419842004776
0.9691383242607117
0.7524116039276123
0.9808764457702637
0.9868099689483643
0.9438909292221069
0.4626038372516632
0.6630157232284546
0.9603492021560669
0.8949416279792786
0.8324061036109924
0.968136191368103
0.9866881966590881
0.9416598081588745
0.974418580532074
0.8573477268218994
0.9823598861694336
0.9624906182289124
0.9730884432792664
0.9774174094200134
0.9719745516777039
0.9799279570579529
0.9792162775993347
0.9764065146446228
0.9682433009147644
0.9829702973365784
0.9666414260864258
0.9710742831230164
0.7514654397964478
0.9879612326622009
0.9776915311813354
0.9797852039337158
0.9788235425949097
0.8566445112228394
0.9872788786888123
0.9505935907363892
0.9776224493980408
0.977412760257721
0.9836829900741577
0.9724288582801819
0.9881471991539001
0.7997546792030334
0.9775518774986267
0.9731165170669556
0.96895432472229
0.9793509840965271
0.9707483649253845
0.9102864861488342
0.9798550009727478
0.5391140580177307
0.9644392132759094
0.9778236746788025
0.9334853291511536
0.9629056453704834
0.9873417019844055
0.9679510593414307
0.9738625288009644
0.9853618144989014
0.3993173837661743
0.6008550524711609
0.9827666282653809
0.9781021475791931
0.9791164994239807
0.8296977281570435
0.9687933325767517
0.9518534541130066
0.9698510766029358
0.961730420589447
0.9734417200088501
0.9654619097709656
0.9798014163970947
0.8900553584098816
0.978383481502533
0.9854866862297058
0.9841642379760742
0.9625276327133179
0.9786164164543152
0.967837393283844
0.9521299600601196
0.9774601459503174
0.9836321473121643
0.9897053241729736
0.7053700685501099
0.7883576154708862
0.9836200475692749
0.9859031438827515
0.9651500582695007
0.6451358795166016
0.9780346751213074
0.9764236211776733
0.9869608879089355
0.9798657894134521
0.9677760004997253
0.9939024448394775
0.9776293635368347
0.974598228931427
0.9798271059989929
0.9818893671035767
0.8073960542678833
0.9456450343132019
0.9794570803642273
0.9853049516677856
0.8083475232124329
0.9784367084503174
0.938185453414917
0.9844357371330261
0.9638640284538269
0.9123468399047852
0.9717011451721191
0.961330235004425
0.9712526202201843
0.981395423412323
0.9864649772644043
0.7861579060554504
0.7281845808029175
0.9733656048774719
0.9867549538612366
0.6515437960624695
0.9848197102546692
0.9707046747207642
0.9850238561630249
0.9715433120727539
0.9707732200622559
0.9745975136756897
0.9868865013122559
0.9587956070899963
0.8781591653823853
0.9449106454849243
0.8192206025123596
0.983511209487915
0.8401737809181213
0.9829919934272766
0.9790317416191101
0.8364841938018799
0.9845857620239258
0.9948848485946655
0.9429404735565186
0.9736052751541138
0.9809564352035522
0.9790066480636597
0.9784465432167053
0.8442886471748352
0.9810543656349182
0.9675789475440979
0.9870383143424988
0.832551896572113
0.4792582094669342
0.9777317047119141
0.9704198837280273
0.9564605951309204
0.9812091588973999
0.9794825911521912
0.8767857551574707
0.9690636396408081
0.9896822571754456
0.9735450148582458
0.851714551448822
0.9469388127326965
0.9849749803543091
0.9705197215080261
0.9678741693496704
0.9843400716781616
0.5697060823440552
0.9717630743980408
0.9196984171867371
0.9604377150535583
0.9193732738494873
0.9823697209358215
0.7483659982681274
0.9841917753219604
0.9761817455291748
0.9710711240768433
0.9827305674552917
0.8064515590667725
0.9477561712265015
0.7920283079147339
0.9764185547828674
0.9760425686836243
0.975507378578186
0.9785072207450867
0.9810080528259277
0.9704940915107727
0.991547167301178
0.9869099855422974
0.9651886820793152
0.9677134156227112
0.9826445579528809
0.9561498165130615
0.9760538935661316
0.9808754920959473
0.984929084777832
0.9777948260307312
0.554430365562439
0.9780743718147278
0.9855203628540039
0.9836355447769165
0.9772202372550964
0.9851729869842529
0.970588207244873
0.978498637676239
0.9757280945777893
0.9863969087600708
0.9545454382896423
0.9873748421669006
0.9828654527664185
0.7253130078315735
0.9652551412582397
0.9834043979644775
0.31009364128112793
0.9877408742904663
0.9074792265892029
0.7780640125274658
0.9799318313598633
0.7519069910049438
0.8208867907524109
0.9734150767326355
0.9790898561477661
0.9472511410713196
0.9819121360778809
0.9552128911018372
0.9750584363937378
0.975029706954956
0.6441984176635742
0.9883296489715576
0.9660091996192932
0.9746916890144348
0.9828282594680786
0.9794548749923706
0.976792573928833
0.9904689788818359
0.985135555267334
0.9781997203826904
0.9463350772857666
0.683554470539093
0.9899295568466187
0.9855179786682129
0.9811617732048035
0.9880263209342957
0.9762340188026428
0.97899329662323
0.9689440727233887
0.9906541705131531
0.9736841917037964
0.9429530501365662
0.9716495275497437
0.721727192401886
0.9755280017852783
0.9797699451446533
0.983859121799469
0.9768211841583252
0.9529512524604797
0.968865156173706
0.9891067743301392
0.9852430820465088
0.9812528491020203
0.9742593765258789
0.9781909584999084
0.9844319224357605
0.98101806640625
0.5665754079818726
0.9762943983078003
0.9735848903656006
0.9162371158599854
0.7183053493499756
0.9767270088195801
0.9689716696739197
0.9355980753898621
0.9802306294441223
0.5243619680404663
0.9686552286148071
0.9815712571144104
0.779718816280365
0.9853464961051941
0.9706840515136719
0.9813664555549622
0.8163481950759888
0.811396062374115
0.9920870661735535
0.9776875972747803
0.9791246056556702
0.9839450120925903
0.9879276156425476
0.9738510847091675
0.8340235352516174
0.9794570803642273
0.9865663051605225
0.9834495186805725
0.7523727416992188
0.9219773411750793
0.6749409437179565
0.9811827540397644
0.9846743941307068
0.9846878051757812
0.9694749116897583
0.8053731918334961
0.8885813355445862
0.9826589822769165
0.8927943706512451
0.9828125238418579
0.9782683849334717
0.9472402334213257
0.9753086566925049
0.9804456830024719
0.6385941505432129
0.9822595715522766
0.9469311833381653
0.9838827848434448
0.9854861497879028
0.9675113558769226
0.9443359375
0.9795082211494446
0.9414191246032715
0.7986217737197876
0.964285671710968
0.9824128150939941
0.9806451201438904
0.9657143354415894
0.6509224772453308
0.9728857278823853
0.9741497039794922
0.9907721877098083
0.9779179692268372
0.9830169081687927
0.6205607652664185
0.8164535164833069
0.83583003282547
0.9869281649589539
0.977272629737854
0.905937671661377
0.9801238179206848
0.9799744486808777
0.9737205505371094
0.7281903624534607
0.9670329689979553
0.7772631645202637
0.969558596611023
0.9619565010070801
0.9736157655715942
0.9693514108657837
0.9564419984817505
0.9839317202568054
0.9904371500015259
0.5969995260238647
0.9595838189125061
0.7389937043190002
0.9825610518455505
0.9258097410202026
0.9785591959953308
0.9651497006416321
0.8384686708450317
0.9813586473464966
0.9762877821922302
0.7750557065010071
0.9602648615837097
0.9843947291374207
0.8500596880912781
0.9240725040435791
0.9696691036224365
0.9854711890220642
0.9813613891601562
0.9817073345184326
0.9762913584709167
0.7075359225273132
0.9868787527084351
0.9636672139167786
0.9821192026138306
0.9810864925384521
0.9861495494842529
0.9760589003562927
0.975251317024231
0.9795719385147095
0.6015424132347107
0.9809402823448181
0.9467989206314087
0.7529571056365967
0.568634569644928
0.9831006526947021
0.9653312563896179
0.9860031008720398
0.9837366342544556
0.9891993403434753
0.6416040062904358
0.9861555695533752
0.9753695130348206
0.9781962633132935
0.9788708090782166
0.9831202030181885
0.9830818176269531
0.9718940258026123
0.9576407670974731
0.9337514638900757
0.9787368774414062
0.9807355403900146
0.9754804372787476
0.9195845127105713
0.991150438785553
0.9728331565856934
0.9012708067893982
0.9523437023162842
0.9844720959663391
0.9321302175521851
0.991247296333313
0.9845497608184814
0.9861522912979126
0.9737733602523804
0.9750581383705139
0.8184053301811218
0.8675497174263
0.9741060137748718
0.9888226389884949
0.8638239502906799
0.9570956826210022
0.9849372506141663
0.9858376979827881
0.9821192026138306
0.9801046848297119
0.9712157845497131
0.786597490310669
0.9711491465568542
0.9785932898521423
0.9468373656272888
0.7207862734794617
0.9960079789161682
0.9888476133346558
0.9893993139266968
0.9691211581230164
0.9710981845855713
0.9798657298088074
0.9685673117637634
0.8248981833457947
0.8741438388824463
0.978723406791687
0.9793310761451721
0.9696586728096008
0.9265246987342834
0.9881099462509155
0.9640231728553772
0.9827709794044495
0.9686610102653503
0.788624107837677
0.983090877532959
0.9770166277885437
0.9603960514068604
0.9444175958633423
0.9669194221496582
0.9777102470397949
0.9700650572776794
0.9766827821731567
0.814393937587738
0.7979440689086914
0.6696286797523499
0.6908589601516724
0.9486453533172607
0.9816620945930481
0.8057073354721069
0.9610285758972168
0.9758388996124268
0.9777629971504211
0.9748743772506714
0.9868338704109192
0.9814350008964539
0.9570093154907227
0.9760536551475525
0.8336617350578308
0.9856199026107788
0.968224287033081
0.9812703728675842
0.981632649898529
0.5980570912361145
0.9822221994400024
0.8611259460449219
0.9729015827178955
0.9741144776344299
0.96507728099823
0.9730654358863831
0.9741697311401367
0.9815384745597839
0.9773326516151428
0.9803304672241211
0.7728613018989563
0.6149425506591797
0.9819938540458679
0.8949416875839233
0.7251975536346436
0.9776453375816345
0.9763872623443604
0.8020049929618835
0.9546722769737244
0.9878787398338318
0.9796987771987915
0.9537367224693298
0.9774790406227112
0.9884853363037109
0.8529825806617737
0.986721932888031
0.8345514535903931
0.9657487869262695
0.9691293835639954
0.7438955307006836
0.8293095827102661
0.9878788590431213
0.9768949747085571
0.9734513759613037
0.9790865778923035
0.9887402653694153
0.9711670279502869
0.6939054131507874
0.9658074378967285
0.9785263538360596
0.9889793992042542
0.9746102690696716
0.758576512336731
0.973271906375885
0.9830659031867981
0.9393832087516785
0.9764475226402283
0.9800217747688293
0.9655511975288391
0.9789674878120422
0.9777048826217651
0.9748603105545044
0.9464144706726074
0.9815720915794373
0.9883852005004883
0.9707682132720947
0.9870010018348694
0.8986193537712097
0.9790557026863098
0.9745580554008484
0.9754224419593811
0.9454545974731445
0.8148630857467651
0.9720854163169861
0.9863291382789612
0.27544549107551575
0.9792321920394897
0.8454695343971252
0.97761470079422
0.6768777370452881
0.9843815565109253
0.9772434830665588
0.9793103337287903
0.9063502550125122
0.4679867625236511
0.9811676144599915
0.9669937491416931
0.982421875
0.9534023404121399
0.9760862588882446
0.9741345047950745
0.7569083571434021
0.9733867645263672
0.961403489112854
0.9869396090507507
0.7736890316009521
0.9780969619750977
0.9735499024391174
0.9182243943214417
0.9867523312568665
0.9855185747146606
0.9876642227172852
0.9865285158157349
0.9900520443916321
0.9838572144508362
0.9731649160385132
0.9574611783027649
0.9761042594909668
0.9631920456886292
0.9688814878463745
0.9793363213539124
0.96961510181427
0.8677576184272766
0.9787745475769043
0.9829959869384766
0.9829809069633484
0.9641727805137634
0.9530583620071411
0.987609326839447
0.9785110950469971
0.9812239408493042
0.9816743731498718
0.9839614629745483
0.9618321061134338
0.9701999425888062
0.9888043403625488
0.9588327407836914
0.9887429475784302
0.9880095720291138
0.9842551350593567
0.9841111898422241
0.991654098033905
0.9092302322387695
0.9869565367698669
0.9875752329826355
0.9867647290229797
0.9608981609344482
0.8092702627182007
0.9813084006309509
0.9474637508392334
0.9764407277107239
0.5301010608673096
0.98466557264328
0.9750655889511108
0.9899298548698425
0.9793103933334351
0.9824990034103394
0.9821640849113464
0.9721595048904419
0.9729328751564026
0.9751171469688416
0.590233564376831
0.7311355471611023
0.9877511262893677
0.9696691632270813
0.9454287886619568
0.9913597106933594
0.8505411148071289
0.9742310047149658
0.9908257126808167
0.7463529706001282
0.9837429523468018
0.9784173369407654
0.9670329689979553
0.9889779686927795
0.9716828465461731
0.978224515914917
0.9879302382469177
0.9786959886550903
0.9815817475318909
0.9819397926330566
0.9828616976737976
0.8383874893188477
0.9775933623313904
0.9432836174964905
0.9870234727859497
0.90813809633255
0.9445887804031372
0.9790737628936768
0.9881188273429871
0.69597989320755
0.967959463596344
0.9795737862586975
0.6953733563423157
0.9830933213233948
0.5707175135612488
0.987713098526001
0.7750599384307861
0.8416290283203125
0.9828347563743591
0.9813200235366821
0.8267101049423218
0.979938268661499
0.943359375
0.9645224213600159
0.9711933732032776
0.9852731227874756
0.9749196171760559
0.9839034080505371
0.6204304695129395
0.9675588011741638
0.991150438785553
0.6666666865348816
0.9715821743011475
0.7934783101081848
0.9735599756240845
0.9595141410827637
0.9487730860710144
0.9878511428833008
0.9828414916992188
0.8884254693984985
0.8776596188545227
0.9829683303833008
0.9804387092590332
0.9296635985374451
0.945285975933075
0.9775336980819702
0.992082417011261
0.989745557308197
0.9785742163658142
0.8372271060943604
0.9820948839187622
0.9855769276618958
0.965815007686615
0.9634281396865845
0.5947501063346863
0.7027470469474792
0.9712711572647095
0.9649936556816101
0.9698376059532166
0.9806270003318787
0.9756468534469604
0.9773030877113342
0.6729999780654907
0.9765088558197021
0.9833163619041443
0.9634299874305725
0.9840255975723267
0.5711690187454224
0.8201058506965637
0.9672566056251526
0.9835525751113892
0.9755932092666626
0.9797979593276978
0.9782425761222839
0.9786855578422546
0.9780346751213074
0.9214174747467041
0.9880525469779968
0.6235294342041016
0.982233464717865
0.9731147289276123
0.5346395969390869
0.7383773922920227
0.9842664003372192
0.9785692691802979
0.9770554304122925
0.7740007638931274
0.8289241790771484
0.9874510169029236
0.976637065410614
0.9866184592247009
0.8348624110221863
0.8936039805412292
0.5894916653633118
0.9552414417266846
0.9726845026016235
0.9917675852775574
0.9807202816009521
0.9819764494895935
0.9857398271560669
0.9583184719085693
0.9710873365402222
0.9692132472991943
0.9525367021560669
0.9907577633857727
0.9700646996498108
0.9641662240028381
0.6723646521568298
0.826263427734375
0.9319248199462891
0.9812988638877869
0.9750090837478638
0.9741407036781311
0.9839999675750732
0.980076253414154
0.9715358018875122
0.9718929529190063
0.932979941368103
0.9819168448448181
0.9764437675476074
0.8352558612823486
0.9701279997825623
0.8341909646987915
0.9767632484436035
0.9440887570381165
0.905338704586029
0.9908372759819031
0.9734760522842407
0.9552238583564758
0.9820014834403992
0.9864716529846191
0.9579229950904846
0.9861623644828796
0.9771546721458435
0.8657357692718506
0.7751239538192749
0.9175149202346802
0.9822916388511658
0.975017786026001
0.8430740237236023
0.9818652868270874
0.9835907220840454
0.9574007391929626
0.9654088020324707
0.7528187036514282
0.7602041363716125
0.9772512316703796
0.9745957851409912
0.9767284393310547
0.9833333492279053
0.9732426404953003
0.9548624157905579
0.7013670206069946
0.9777217507362366
0.9828710556030273
0.9350515604019165
0.9696969985961914
0.8118393421173096
0.9912899136543274
0.963585376739502
0.8138397336006165
0.9828851222991943
0.8302936553955078
0.7967419624328613
0.9707955718040466
0.49405044317245483
0.9785366058349609
0.751971960067749
0.9709934592247009
0.9720948934555054
0.9881128668785095
0.9726660251617432
0.9852842688560486
0.9439210295677185
0.9788026213645935
0.9672301411628723
0.933379590511322
0.9744298458099365
0.9694855809211731
0.972525417804718
0.9849086403846741
0.8791634440422058
0.976851761341095
0.9800102114677429
0.9732257127761841
0.982851505279541
0.9535244703292847
0.9798902869224548
0.9828125238418579
0.9823504090309143
0.9927119016647339
0.6487454771995544
0.9808871150016785
0.9769126772880554
0.8545288443565369
0.9661641120910645
0.9729729890823364
0.9434455633163452
0.9796801209449768
0.9762383699417114
0.9865952134132385
0.9771386384963989
0.9567551612854004
0.9754358530044556
0.9789000749588013
0.8308693170547485
0.9767635464668274
0.987646758556366
0.932449221611023
0.9757301807403564
0.9872639179229736
0.9811083674430847
0.9764130115509033
0.9798868298530579
0.9803646206855774
0.9752066135406494
0.9706499576568604
0.969039261341095
0.6371354460716248
0.9734219312667847
0.9855310916900635
0.8903406858444214
0.9704433083534241
0.8423935174942017
0.9835957288742065
0.9722688794136047
0.9845897555351257
0.7584869265556335
0.9785587787628174
0.9700461030006409
0.9808198809623718
0.9623040556907654
0.981267511844635
0.9676071405410767
0.930306613445282
0.9793814420700073
0.9789745211601257
0.9746783375740051
0.9850900173187256
0.9796333909034729
0.9809437394142151
0.9734361171722412
0.9705685973167419
0.9820989966392517
0.8140844702720642
0.9660531282424927
0.9771863222122192
0.9861564040184021
0.6609009504318237
0.9708121418952942
0.9876391291618347
0.9850122332572937
0.9905592203140259
0.8846321105957031
0.716020405292511
0.9682947397232056
0.754578709602356
0.957757294178009
0.9780635237693787
0.9811856746673584
0.9866087436676025
0.9757155179977417
0.971955418586731
0.9833397269248962
0.977959156036377
0.9651674628257751
0.9855465292930603
0.9704487323760986
0.6223106980323792
0.9782723784446716
0.8267934918403625
0.9791499972343445
0.5730786323547363
0.9709153771400452
0.8667723536491394
0.9460915923118591
0.8598625063896179
0.9745855927467346
0.9863454103469849
0.8366726636886597
0.6921723484992981
0.9770833253860474
0.9510490298271179
0.9866259098052979
0.9853232502937317
0.6356033682823181
0.984192430973053
0.9789689779281616
0.9832916259765625
0.9897524118423462
0.972346842288971
0.9733598828315735
0.9533169865608215
0.9833531379699707
0.9699571132659912
0.8214084506034851
0.8123496174812317
0.9436796307563782
0.6950225830078125
0.6339969038963318
0.8251950144767761
0.9812500476837158
0.9742587208747864
0.9897292256355286
0.7766680121421814
0.9900271892547607
0.9542320370674133
0.9814377427101135
0.967298686504364
0.973795473575592
0.9072821140289307
0.786432147026062
0.6787925362586975
0.98024982213974
0.8965786099433899
0.9781844019889832
0.9863681197166443
0.7707509994506836
0.9823859333992004
0.7486201524734497
0.9821487665176392
0.981381893157959
0.9769189357757568
0.7923827171325684
0.9787955284118652
0.9768126606941223
0.5603318214416504
0.9898305535316467
0.8124134540557861
0.8031999468803406
0.5587392449378967
0.3424718976020813
0.9808917045593262
0.9786950349807739
0.9799809455871582
0.9384560585021973
0.9837049245834351
0.9546731114387512
0.9788584113121033
0.8170189261436462
0.9655172228813171
0.604062557220459
0.7744576334953308
0.9343873858451843
0.8966407775878906
0.9732103943824768
0.9591993093490601
0.7429735660552979
0.9691357612609863
0.7116957306861877
0.9741567969322205
0.8183469772338867
0.8725751042366028
0.8327939510345459
0.9886578917503357
0.977624773979187
0.9871686100959778
0.9816513657569885
0.7694886922836304
0.972449004650116
0.9817444086074829
0.9700193405151367
0.8129571080207825
0.9727479219436646
0.98012375831604
0.983927309513092
0.9722830653190613
0.9870490431785583
0.9786136150360107
0.7212089896202087
0.9474120140075684
0.9097252488136292
0.9710198640823364
0.9719626307487488
0.9839800596237183
0.6092037558555603
0.8454720377922058
0.9659299850463867
0.8073394298553467
0.9845200777053833
0.8659928441047668
0.9809596538543701
0.9789472818374634
0.9724990129470825
0.9395248889923096
0.7734010815620422
0.9776694774627686
0.9781967997550964
0.9758681654930115
0.9645327925682068
0.8851379156112671
0.946442186832428
0.979086697101593
0.9840229153633118
0.9771309494972229
0.9750603437423706
0.9780786037445068
0.9860535264015198
0.9757962226867676
0.9806694984436035
0.977249264717102
0.9804727435112
0.9720598459243774
0.8436098694801331
0.6682825088500977
0.9878478646278381
0.9961389899253845
0.9767441749572754
0.9799851775169373
0.9806763529777527
0.6409379839897156
0.98277348279953
0.9786347150802612
0.021978024393320084
0.984665036201477
0.5073612332344055
0.7064032554626465
0.9793620705604553
0.7567152380943298
0.9750831127166748
0.7115902900695801
0.9720308184623718
0.9621124863624573
0.8637489676475525
0.9733409285545349
0.9893466830253601
0.9731343388557434
0.9644013047218323
0.9855524897575378
0.9833453893661499
0.9736841917037964
0.7201039791107178
0.8692641258239746
0.9781022071838379
0.9594936370849609
0.9885334968566895
0.8519924283027649
0.9807208776473999
0.9855351448059082
0.9828801155090332
0.9760574698448181
0.9639763236045837
0.9820320010185242
0.977459728717804
0.9826732873916626
0.9835628271102905
0.9741176962852478
0.6670799851417542
0.9759690165519714
0.974890410900116
0.7653179168701172
0.9877378344535828
0.9745762944221497
0.9517293572425842
0.9475683569908142
0.9862013459205627
0.9670796394348145
0.9784817695617676
0.6526732444763184
0.7626885771751404
0.9790825247764587
0.9767711758613586
0.9805084466934204
0.9723208546638489
0.9862610101699829
0.9917647242546082
0.9839376211166382
0.958346962928772
0.9403879642486572
0.986288845539093
0.9765395522117615
0.9836065173149109
0.5991994738578796
0.9604863524436951
0.980979323387146
0.8099547028541565
0.9659520387649536
0.9822093844413757
0.8377770781517029
0.6700182557106018
0.819601833820343
0.9686762690544128
0.9868813157081604
0.9808695316314697
0.011881188489496708
0.8627358675003052
0.9811704754829407
0.8730420470237732
0.5713261961936951
0.5022568702697754
0.7365128993988037
0.989017903804779
0.884403645992279
0.9513274431228638
0.9673819541931152
0.9820764660835266
0.9789157509803772
0.9739357233047485
0.8970181345939636
0.677258312702179
0.9727082252502441
0.9806066751480103
0.9688759446144104
0.9762845039367676
0.9685039520263672
0.9840837121009827
0.9751787185668945
0.8048469424247742
0.9917218089103699
0.9779346585273743
0.966071367263794
0.9893410801887512
0.9222471714019775
0.97886723279953
0.8066643476486206
0.8412104845046997
0.9686660766601562
0.7304425835609436
0.905164361000061
0.9764470458030701
0.6540212631225586
0.9832984805107117
0.9846153259277344
0.7531305551528931
0.8090185523033142
0.9802690744400024
0.9638643264770508
0.7237224578857422
0.8423690795898438
0.9809021353721619
0.9759228825569153
0.6683522462844849
0.9799651503562927
0.9821705222129822
0.9864472150802612
0.986221194267273
0.9733018279075623
0.9550264477729797
0.9620946049690247
0.988847553730011
0.6600884795188904
0.9060283303260803
0.9742710590362549
0.9708542823791504
0.8717365860939026
0.9835058450698853
0.973128616809845
0.9775994420051575
0.9796121120452881
0.6108861565589905
0.9743785262107849
0.6936899423599243
0.9735756516456604
0.9723719358444214
0.5579859614372253
0.9743987321853638
0.5741516947746277
0.9297500848770142
0.9797434210777283
0.9710674285888672
0.9892241954803467
0.9806896448135376
0.9823910593986511
0.979476809501648
0.651562511920929
0.9770000576972961
0.9724950790405273
0.7189616560935974
0.9854486584663391
0.9740890860557556
0.7118415832519531
0.9813045263290405
0.9807876944541931
0.9712983965873718
0.9752066731452942
0.9916506409645081
0.9857978820800781
0.976559042930603
0.972233772277832
0.9696969985961914
0.7532628774642944
0.993574321269989
0.7906768321990967
0.9708078503608704
0.9434173107147217
0.9868541955947876
0.9717373847961426
0.9779031276702881
0.6881119012832642
0.936581552028656
0.9281553626060486
0.9476190805435181
0.9874849319458008
0.9789178371429443
0.6749252676963806
0.9194432497024536
0.754325270652771
0.9666092991828918
0.5881863832473755
0.7411273121833801
0.987817645072937
0.9299747943878174
0.9790825247764587
0.976233959197998
0.9892879724502563
0.9892367720603943
0.8014101386070251
0.9910140633583069
0.9899153113365173
0.916009247303009
0.9550424814224243
0.9391003847122192
0.9769441485404968
0.9753652811050415
0.9843937158584595
0.8832807540893555
0.5511916875839233
0.9761556386947632
0.9712312817573547
0.9835513234138489
0.9734219312667847
0.8968042135238647
0.9803468585014343
0.43485087156295776
0.9870550036430359
0.9156232476234436
0.9884963035583496
0.9612271189689636
0.7331476807594299
0.9757550954818726
0.974879264831543
0.9887807965278625
0.9891539812088013
0.9788106679916382
0.9848600029945374
0.987432599067688
0.981558620929718
0.9624170660972595
0.9668094515800476
0.9773828387260437
0.9759082198143005
0.9820810556411743
0.9752334952354431
0.978954553604126
0.8628708720207214
0.983641505241394
0.615605890750885
0.7789473533630371
0.9677193760871887
0.984965443611145
0.9737029075622559
0.9627240300178528
0.9849430322647095
0.9843028783798218
0.9815817475318909
0.9754385352134705
0.8146753907203674
0.8092843294143677
0.9808729887008667
0.9739252924919128
0.9777777194976807
0.5993365049362183
0.6592667102813721
0.97292160987854
0.9851521253585815
0.9779545068740845
0.5918679237365723
0.9702026844024658
0.97629314661026
0.9748082756996155
0.9729306101799011
0.9781889915466309
0.011162791401147842
0.7818250060081482
0.9804064035415649
0.978723406791687
0.9559198021888733
0.9732545614242554
0.9753779172897339
0.9806835055351257
0.8329871892929077
0.987585186958313
0.984050989151001
0.909025251865387
0.9694361090660095
0.9783616662025452
0.974219799041748
0.9460490345954895
0.9667450189590454
0.9495623707771301
0.9776046276092529
0.9467212557792664
0.9764397740364075
0.9253628253936768
0.808952271938324
0.9676259160041809
0.9727345108985901
0.9832900166511536
0.9903686046600342
0.9731405377388
0.9828616976737976
0.9755843877792358
0.9097586274147034
0.9639314413070679
0.8542534112930298
0.9790210127830505
0.982002317905426
0.9821372628211975
0.9781659245491028
0.9780421257019043
0.9455805420875549
0.9744085073471069
0.6548455953598022
0.9614604711532593
0.9651390910148621
0.9837568402290344
0.9839461445808411
0.9824923276901245
0.9812225103378296
0.9735318422317505
0.8517110347747803
0.9738395810127258
0.9805915355682373
0.9809402823448181
0.9770491719245911
0.771564781665802
0.5190244317054749
0.8532587289810181
0.9678362607955933
0.9773280024528503
0.9819657206535339
0.9836065769195557
0.7684256434440613
0.9072580933570862
0.4488818049430847
0.5688785910606384
0.9793511033058167
0.9789561629295349
0.9807322025299072
0.9782698154449463
0.9699432253837585
0.9215441346168518
0.6576678156852722
0.9821718335151672
0.9898749589920044
0.9789719581604004
0.9840310215950012
0.6652741432189941
0.726442813873291
0.9728330373764038
0.9379562139511108
0.9849624037742615
0.9788867831230164
0.9845288395881653
0.9906407594680786
0.9832605719566345
0.9762532711029053
0.9804286956787109
0.9795342087745667
0.9873031377792358
0.9809450507164001
0.9821650981903076
0.5640372633934021
0.9836065173149109
0.9872402548789978
0.972525417804718
0.9808135628700256
0.9757102131843567
0.9865124821662903
0.8495520353317261
0.9927430748939514
0.5430974364280701
0.9793567061424255
0.9721608757972717
0.9816188216209412
0.9652777910232544
0.8976834416389465
0.9598373174667358
0.9769441485404968
0.6096842288970947
0.8049306273460388
0.6632943153381348
0.9758120179176331
0.9827330708503723
0.9805238246917725
0.9831535816192627
0.8514366745948792
0.9062795639038086
0.9815260767936707
0.7076727747917175
0.9841827750205994
0.9818652868270874
0.8328912258148193
0.9741696715354919
0.9752413630485535
0.9853801727294922
0.9570063948631287
0.9659954309463501
0.966623067855835
0.9783549904823303
0.9779922366142273
0.9689306616783142
0.982053816318512
0.9139382839202881
0.9770156741142273
0.9843038320541382
0.980988621711731
0.9638648629188538
0.9787233471870422
0.8929856419563293
0.9792746901512146
0.9827142953872681
0.9777932167053223
0.9751209616661072
0.9857029318809509
0.976331353187561
0.9802658557891846
0.9783393740653992
0.988791286945343
0.9760701060295105
0.9703459739685059
0.9897347092628479
0.9907269477844238
0.9622331261634827
0.9867947697639465
0.9870493412017822
0.990736186504364
0.975746214389801
0.9843419194221497
0.9829822182655334
0.9795005321502686
0.7336207032203674
0.988155722618103
0.9543343782424927
0.9688290357589722
0.97686368227005
0.9855526089668274
0.9702262282371521
0.9822542071342468
0.9841799139976501
0.9677205085754395
0.9742512106895447
0.7583333253860474
0.9848778247833252
0.7290639877319336
0.9894433617591858
0.9759852290153503
0.9809523224830627
0.9643787741661072
0.9841985702514648
0.9511168003082275
0.916597843170166
0.9797539114952087
0.8817384243011475
0.973476767539978
0.977225661277771
0.9542936682701111
0.9472519755363464
0.9904051423072815
0.9745848774909973
0.8375808596611023
0.9791581630706787
0.9760722517967224
0.9528513550758362
0.9674234986305237
0.8010509610176086
0.8820512890815735
0.5976938009262085
0.7378788590431213
0.9733542799949646
0.9721074104309082
0.9862150549888611
0.9626896381378174
0.9710345268249512
0.9928741455078125
0.9773519039154053
0.7568582892417908
0.9737876653671265
0.976897656917572
0.9811542630195618
0.73041170835495
0.9778521060943604
0.8206451535224915
0.9676375389099121
0.9804390668869019
0.7777338624000549
0.9671682715415955
0.9701853394508362
0.9524540305137634
0.9665787220001221
0.794884443283081
0.9772985577583313
0.9767282009124756
0.9872439503669739
0.9732083082199097
0.4863870441913605
0.9869431853294373
0.9771175980567932
0.5993442535400391
0.7426059246063232
0.7669616341590881
0.976822555065155
0.9803130030632019
0.7804054021835327
0.9788157939910889
0.9764083027839661
0.9711767435073853
0.9835575819015503
0.9783728122711182
0.9624795913696289
0.9814008474349976
0.970273494720459
0.9880359172821045
0.9787764549255371
0.8237496614456177
0.7913669347763062
0.7691726088523865
0.966966986656189
0.9753541946411133
0.9841925501823425
0.884238064289093
0.9803920984268188
0.9704524278640747
0.9718589186668396
0.620714545249939
0.9823389053344727
0.8864864706993103
0.9785218238830566
0.9870388507843018
0.9788994789123535
0.646864652633667
0.9862903356552124
0.9540033936500549
0.9770658612251282
0.8492330312728882
0.9577625393867493
0.8329607844352722
0.9906542897224426
0.9664847254753113
0.9673819541931152
0.9795570969581604
0.9817296266555786
0.8714285492897034
0.977125346660614
0.9727819561958313
0.8443509340286255
0.9870129823684692
0.9716156721115112
0.9689754843711853
0.9850108027458191
0.9536784887313843
0.9824150204658508
0.9799612164497375
0.7670894265174866
0.9498118162155151
0.9902912974357605
0.9591205716133118
0.9791755676269531
0.9722317457199097
0.9783653616905212
0.9805653691291809
0.9772329330444336
0.9812925457954407
0.8298279047012329
0.708722710609436
0.9885823726654053
0.9847787618637085
0.9451303482055664
0.9738219380378723
0.9698113203048706
0.9679633378982544
0.97275310754776
0.6579561233520508
0.9695252180099487
0.9834599494934082
0.9778164625167847
0.6954459547996521
0.7713401317596436
0.9736711382865906
0.951581597328186
0.8365921974182129
0.8957934975624084
0.9894736409187317
0.9756361842155457
0.9704059958457947
0.9755929708480835
0.9815112352371216
0.945918083190918
0.9687002301216125
0.8276972770690918
0.8651502728462219
0.8776655793190002
0.9838038086891174
0.9439527988433838
0.6758566498756409
0.983506977558136
0.7873952984809875
0.977540135383606
0.9646965861320496
0.9742032885551453
0.9777458906173706
0.9871795773506165
0.8567405939102173
0.9748710989952087
0.9712837934494019
0.9584449529647827
0.780788242816925
0.9693076610565186
0.9808967709541321
0.9742633700370789
0.9786476492881775
0.9756097793579102
0.9714674353599548
0.985927164554596
0.8217707276344299
0.9826415181159973
0.9898477792739868
0.9843553900718689
0.9666429758071899
0.8135095238685608
0.9784639477729797
0.9890782237052917
0.9811738729476929
0.9844596982002258
0.9802165031433105
0.9667812585830688
0.7180899977684021
0.9779466986656189
0.853352427482605
0.9773755669593811
0.9806337952613831
0.9672459959983826
0.9452632069587708
0.9847494959831238
0.8316575288772583
0.7535211443901062
0.5622538328170776
0.8491048812866211
0.9783113598823547
0.9511658549308777
0.9760517477989197
0.9186992049217224
0.9722792506217957
0.9823972582817078
0.9856693148612976
0.9798886775970459
0.9869767427444458
0.7477855682373047
0.9863013625144958
0.9153481125831604
0.8283752799034119
0.9140022397041321
0.9674511551856995
0.7952055335044861
0.9827139377593994
0.9858332276344299
0.9817630052566528
0.9283694624900818
0.9802654981613159
0.7978985905647278
0.9500502347946167
0.6238371729850769
0.9907121062278748
0.8397723436355591
0.9680395722389221
0.8418055772781372
0.8301676511764526
0.9848484992980957
0.9532467722892761
0.9869281649589539
0.9800532460212708
0.4414135217666626
0.9677973389625549
0.9773030281066895
0.9900076985359192
0.9847182631492615
0.6451886296272278
0.9374726414680481
0.9813024401664734
0.9870388507843018
0.9833915829658508
0.6577586531639099
0.8290155529975891
0.9831460118293762
0.9822975397109985
0.8232043981552124
0.668074369430542
0.7368961572647095
0.9898415803909302
0.9654290080070496
0.9781152606010437
0.9765051007270813
0.9865884780883789
0.9796314239501953
0.9766355156898499
0.6746376752853394
0.9795709848403931
0.9541096091270447
0.9648623466491699
0.9702072143554688
0.9772319197654724
0.9885807633399963
0.9864382147789001
0.982848048210144
0.984429657459259
0.990717887878418
0.8006884455680847
0.9760604500770569
0.9822841882705688
0.9776260256767273
0.6844444274902344
0.9715165495872498
0.9795570969581604
0.9558613896369934
0.9769159555435181
0.9645389914512634
0.9886518120765686
0.7470149397850037
0.7916120290756226
0.985439658164978
0.9588845372200012
0.981065571308136
0.9791183471679688
0.9738292694091797
0.9670688509941101
0.8238197565078735
0.9839034080505371
0.9869622588157654
0.9699918627738953
0.9800994992256165
0.9862504601478577
0.9633659720420837
0.98454749584198
0.9790836572647095
0.9585530757904053
0.9822484850883484
0.9830179810523987
0.9898326992988586
0.9848049283027649
0.981876790523529
0.975994348526001
0.9837494492530823
0.9740893840789795
0.9813255667686462
0.739739716053009
0.7327344417572021
0.8805882334709167
0.9791902899742126
0.7697404623031616
0.9684740900993347
0.9791750907897949
0.9851351380348206
0.9731294512748718
0.9845653772354126
0.6970788836479187
0.967277467250824
0.9872193336486816
0.9826989769935608
0.9872122406959534
0.9798249006271362
0.6050347089767456
0.9842883348464966
0.9856948256492615
0.9793708920478821
0.9730259776115417
0.8133488893508911
0.9884983897209167
0.9779803156852722
0.8086382746696472
0.8655681014060974
0.884627103805542
0.6610643863677979
0.9767613410949707
0.9505178332328796
0.9895697236061096
0.9824012517929077
0.9807767271995544
0.982928454875946
0.9612492918968201
0.963290274143219
0.8276450634002686
0.9713766574859619
0.7172365188598633
0.9836065769195557
0.7816594243049622
0.9378150701522827
0.9737919569015503
0.9739640951156616
0.7170542478561401
0.9763290882110596
0.9541884064674377
0.9811320900917053
0.9778278470039368
0.9731855988502502
0.9620872139930725
0.9773157238960266
0.9795699119567871
0.9768835306167603
0.9378530979156494
0.6255591511726379
0.9701922535896301
0.6928104758262634
0.7477688789367676
0.8497409224510193
0.9894874691963196
0.9873987436294556
0.9826086163520813
0.4057641327381134
0.840937077999115
0.9727272987365723
0.9777957201004028
0.9775561094284058
0.9792284369468689
0.9863612055778503
0.973240852355957
0.9875452518463135
0.8866813778877258
0.9846274852752686
0.9686304330825806
0.9567455649375916
0.9806643128395081
0.9858118891716003
0.9770254492759705
0.9584938287734985
0.9776535630226135
0.9817813634872437
0.976326584815979
0.978817343711853
0.8338518738746643
0.3774104416370392
0.8529823422431946
0.9481667876243591
0.9682410955429077
0.9671465754508972
0.9843282699584961
0.9840050935745239
0.9064208269119263
0.9754170179367065
