0.9619953036308289
0.9833448529243469
0.991980254650116
0.9882232546806335
0.9855072498321533
0.986289918422699
0.8415434956550598
0.9705603718757629
0.9847756028175354
0.833812952041626
0.8255528211593628
0.9811598658561707
0.9781879186630249
0.9903107285499573
0.9897142648696899
0.9451931715011597
0.9129771590232849
0.6398616433143616
0.9735249876976013
0.8336215615272522
0.9858525395393372
0.9879032969474792
0.9697664976119995
0.9790141582489014
0.9842804670333862
0.8131760358810425
0.9828343391418457
0.9791584610939026
0.5863297581672668
0.99117511510849
0.6042959690093994
0.9878191947937012
0.9909909963607788
0.9885807633399963
0.9893390536308289
0.7941336035728455
0.9882799983024597
0.9829281568527222
0.9647818803787231
0.8830548524856567
0.9857550263404846
0.6027397513389587
0.9840337038040161
0.9739071130752563
0.9806451797485352
0.6147860288619995
0.6833333969116211
0.3386441469192505
0.9913957715034485
0.6037267446517944
0.9875200390815735
0.8034769892692566
0.98163902759552
0.9858601689338684
0.6991453170776367
0.9731162786483765
0.9963065981864929
0.9812661409378052
0.9057133197784424
0.837222695350647
0.9382932186126709
0.5903398394584656
0.9523810148239136
0.9872673749923706
0.984839677810669
0.5831842422485352
0.9759557843208313
0.9029982686042786
0.9749759435653687
0.9865227937698364
0.7920159101486206
0.9905019998550415
0.9918068647384644
0.9336332082748413
0.7024592757225037
0.9766784310340881
0.9896907210350037
0.9820155501365662
0.7156756520271301
0.9793447852134705
0.6064981818199158
0.9243224263191223
0.6678899526596069
0.9810426235198975
0.9897347092628479
0.9205824136734009
0.9713603854179382
0.8375586867332458
0.7204248905181885
0.981555700302124
0.6530355215072632
0.9811320304870605
0.9768058657646179
0.9709192514419556
0.9803255796432495
0.9395624399185181
0.9802919626235962
0.979177713394165
0.9840531945228577
0.9839316010475159
0.9889994859695435
0.639739990234375
0.9967730641365051
0.9791666269302368
0.6614285111427307
0.9685823917388916
0.6040089130401611
0.4817374050617218
0.9768145680427551
0.9881610870361328
0.9815428256988525
0.987962543964386
0.8863968849182129
0.6962616443634033
0.9852588772773743
0.980988621711731
0.7771520614624023
0.9909173250198364
0.9962121248245239
0.9799891710281372
0.9879699945449829
0.8304093480110168
0.979157030582428
0.9897889494895935
0.9906217455863953
0.9794701933860779
0.6659808158874512
0.7116747498512268
0.6392920613288879
0.8964369297027588
0.0
0.6432283520698547
0.9792285561561584
0.8199999332427979
0.9683586359024048
0.9866392016410828
0.9250732064247131
0.9876863956451416
0.977165937423706
0.9943318963050842
0.6812559366226196
0.9693155288696289
0.6429349780082703
0.5604996085166931
0.9859943985939026
0.6864111423492432
0.9581016302108765
0.9956668019294739
0.7441091537475586
0.7498202919960022
0.9538003206253052
0.9902135133743286
0.8983402848243713
0.9942418932914734
0.22998780012130737
0.9825528264045715
0.5695580840110779
0.9927096366882324
0.9925558567047119
0.9767898321151733
0.5784114599227905
0.9847679734230042
0.8295785784721375
0.9796220660209656
0.7109453678131104
0.7623007893562317
0.9879857897758484
0.9875333905220032
0.9767755270004272
0.9888925552368164
0.9876542687416077
0.8813469409942627
0.9821864366531372
0.6697151064872742
0.983291506767273
0.8355937600135803
0.9778741598129272
0.7159740328788757
0.9824970960617065
0.9883720874786377
0.9916317462921143
0.9894039034843445
0.9806357622146606
0.9403201937675476
0.981949508190155
0.6786757111549377
0.9772434830665588
0.9862636923789978
0.9798431992530823
0.861780047416687
0.9709897041320801
0.9759690165519714
0.986126720905304
0.9877772927284241
0.9875929951667786
0.9856459498405457
0.9816558957099915
0.983476996421814
0.9818049073219299
0.9865186810493469
0.9842631816864014
0.967881977558136
0.9879981279373169
0.9927728772163391
0.791290819644928
0.9023954272270203
0.9258785843849182
0.41097259521484375
0.9828214049339294
0.9895712733268738
0.9847865700721741
0.8642140626907349
0.8554033637046814
0.9886282086372375
0.9607272744178772
0.6990584135055542
0.9919849038124084
0.9789745211601257
0.5836812257766724
0.9900881052017212
0.0
0.9856025576591492
0.990521252155304
0.8215510845184326
0.7293136715888977
0.9475603699684143
0.991888701915741
0.9835803508758545
0.9788254499435425
0.9899591207504272
0.9911037683486938
0.9831288456916809
0.9849650859832764
0.9870294332504272
0.9004524350166321
0.9837058782577515
0.39011839032173157
0.7488508224487305
0.9946714043617249
0.9879168272018433
0.9812171459197998
0.9880366325378418
0.9830048084259033
0.947291374206543
0.9777925610542297
0.8453201651573181
0.968080461025238
0.990865170955658
0.9823071956634521
0.980787992477417
0.851447343826294
0.9890195727348328
0.990234375
0.9875802993774414
0.9885931611061096
0.9859665036201477
0.9844021201133728
0.9867655038833618
0.5577870607376099
0.984900176525116
0.6268364191055298
0.9944320321083069
0.9818342924118042
0.9856764078140259
0.9730269908905029
0.9254498481750488
0.9890188574790955
0.806223452091217
0.9901424050331116
0.9883624315261841
0.6658995151519775
0.6984858512878418
0.589614748954773
0.9919703602790833
0.9951186180114746
0.7288935780525208
0.9499310851097107
0.6143497824668884
0.7862289547920227
0.6623198390007019
0.986617386341095
0.9804772138595581
0.9827302098274231
0.9293549656867981
0.7652369737625122
0.9767054915428162
0.6120370030403137
0.9881734848022461
0.9731663465499878
0.984639048576355
0.98663330078125
0.8356985449790955
0.7877179384231567
0.9830729365348816
0.9896166324615479
0.9369966983795166
0.9853991866111755
0.9864285588264465
0.8268826603889465
0.6653449535369873
0.988696813583374
0.9827715158462524
0.849032998085022
0.971061110496521
0.9345182180404663
0.9938575029373169
0.9804364442825317
0.8193159103393555
0.9623059630393982
0.9866402745246887
0.8800641894340515
0.9890202879905701
0.931652307510376
0.2904379069805145
0.9847119450569153
0.9385519027709961
0.8800695538520813
0.9643000364303589
0.9657090306282043
0.6096505522727966
0.9896907210350037
0.8959220051765442
0.9889087080955505
0.9850299954414368
0.9791331887245178
0.9047950506210327
0.9351559281349182
0.9657910466194153
0.533391535282135
0.9580246806144714
0.9771987199783325
0.9849284887313843
0.962782621383667
0.6819525957107544
0.9843122959136963
0.9873016476631165
0.9885820150375366
0.9922928810119629
0.6431774497032166
0.9898403286933899
0.9525676965713501
0.9702618718147278
0.9799922108650208
0.9871152639389038
0.9908186793327332
0.6710012555122375
0.9879185557365417
0.9780476093292236
0.9696733355522156
0.9846316576004028
0.9864457845687866
0.352073073387146
0.9844216108322144
0.9651581048965454
0.6338371634483337
0.9739343523979187
0.903782308101654
0.9605934023857117
0.6577701568603516
0.9716941118240356
0.6364221572875977
0.9208518266677856
0.9539202451705933
0.9874895215034485
0.7108476161956787
0.9824287295341492
0.9576478600502014
0.9823408722877502
0.9742140769958496
0.8122127652168274
0.9946523904800415
0.9836328029632568
0.8863345980644226
0.8293341994285583
0.9712601900100708
0.5882353186607361
0.9752526879310608
0.6426622867584229
0.9940162301063538
0.9935424327850342
0.9919919967651367
0.9923153519630432
0.9847445487976074
0.0
0.9881572723388672
0.9884117245674133
0.9874917268753052
0.9662337303161621
0.9868470430374146
0.8601216673851013
0.9941667318344116
0.9967293739318848
0.9872588515281677
0.9890110492706299
0.9627942442893982
0.9823955297470093
0.9897299408912659
0.9845041036605835
0.6975036263465881
0.9814020395278931
0.8125936985015869
0.9858012199401855
0.9915347099304199
0.6984732747077942
0.9827916026115417
0.6154910326004028
0.9840405583381653
0.7999999523162842
0.9932886362075806
0.9844863414764404
0.5357686281204224
0.9784946441650391
0.7800289392471313
0.9868741035461426
0.6594844460487366
0.5774024724960327
0.981873095035553
0.9821717739105225
0.9931464791297913
0.987442135810852
0.9897611141204834
0.7788184285163879
0.3497884273529053
0.9909176230430603
0.9829487800598145
0.694915235042572
0.989051103591919
0.9876722693443298
0.7157573103904724
0.7179946303367615
0.9767441749572754
0.9794303178787231
0.9863013625144958
0.981285572052002
0.8807117342948914
0.8156474828720093
0.8700084686279297
0.9310885071754456
0.9473264217376709
0.9798951148986816
0.993694007396698
0.990777313709259
0.9912331700325012
0.6252086758613586
0.9900198578834534
0.9892544746398926
0.9902209639549255
0.6227709650993347
0.9801536798477173
0.983006477355957
0.9885773658752441
0.9876105785369873
0.9649044275283813
0.9860681295394897
0.9835758209228516
0.9459946155548096
0.85109543800354
0.9819349646568298
0.6516347527503967
0.736473560333252
0.9877656102180481
0.8497329950332642
0.9842932820320129
0.49098771810531616
0.9823223948478699
0.9746519327163696
0.5622612833976746
0.830634593963623
0.9918255805969238
0.975476861000061
0.9753988981246948
0.9863547086715698
0.6784052848815918
0.9750319719314575
0.9869171380996704
0.6860464811325073
0.8188679814338684
0.9821905493736267
0.9809035658836365
0.9896828532218933
0.8374868035316467
0.9874338507652283
0.9689383506774902
0.944320797920227
0.8611704111099243
0.7892447710037231
0.6109090447425842
0.9717949032783508
0.9726637601852417
0.9735202789306641
0.9921588897705078
0.6541352868080139
0.6972891688346863
0.9863922595977783
0.9843419194221497
0.993262767791748
0.9782909750938416
0.9886118769645691
0.9633233547210693
0.9359944462776184
0.9762712121009827
0.18012653291225433
0.9971671104431152
0.9867630004882812
0.7256317734718323
0.986406147480011
0.9801633358001709
0.9931398630142212
0.8991709351539612
0.9006716012954712
0.9896640777587891
0.95416659116745
0.9863778948783875
0.8391746282577515
0.8248106241226196
0.9835714101791382
0.9846271872520447
0.9890282154083252
0.8096402287483215
0.8937118053436279
0.9915817379951477
0.5868069529533386
0.9877942800521851
0.9871031641960144
0.9868140816688538
0.995515763759613
0.9902747869491577
0.9871441721916199
0.9869090914726257
0.9773463010787964
0.9238996505737305
0.9001468420028687
0.9894419312477112
0.9889264106750488
0.8825341463088989
0.9821573495864868
0.9784722328186035
0.9850561022758484
0.7680851221084595
0.7212996482849121
0.9342939853668213
0.9860502481460571
0.8464793562889099
0.8131192326545715
0.992348849773407
0.9822635650634766
0.9772481322288513
0.6853657960891724
0.9751009941101074
0.0
0.6566164493560791
0.8097609877586365
0.9853625893592834
0.9746357202529907
0.9890110492706299
0.6857624053955078
0.9866554737091064
0.6038663983345032
0.9794325828552246
0.3894015848636627
0.6479250192642212
0.908055305480957
0.9822485446929932
0.9897651672363281
0.9864253401756287
0.9888226389884949
0.9888659715652466
0.9918319582939148
0.8066190481185913
0.9876712560653687
0.9855966567993164
0.988804280757904
0.9729317426681519
0.991623044013977
0.8055888414382935
0.9777044057846069
0.9855073094367981
0.6987951397895813
0.8126246333122253
0.8451167345046997
0.9834054708480835
0.9845094680786133
0.9236920475959778
0.9792091846466064
0.9831932187080383
0.9771986603736877
0.7389162182807922
0.796013355255127
0.785388171672821
0.9035847187042236
0.9835689067840576
0.9430605173110962
0.9832133650779724
0.76198410987854
0.9880478382110596
0.529411792755127
0.6830294728279114
0.9882199168205261
0.8834586143493652
0.9808917045593262
0.970588207244873
0.9725658893585205
0.981106162071228
0.9878831505775452
0.821411669254303
0.794910192489624
0.8299680948257446
0.9772809147834778
0.7785234451293945
0.5848513245582581
0.8210101127624512
0.6827224493026733
0.9903537631034851
0.9932717084884644
0.9826209545135498
0.9844435453414917
0.6389228701591492
0.9651822447776794
0.7583212852478027
0.9704667925834656
0.9610750675201416
0.9870436191558838
0.9214370250701904
0.982780396938324
0.881369411945343
0.9743008613586426
0.9780822396278381
0.9926074743270874
0.9913544058799744
0.0
0.8184798359870911
0.8814546465873718
0.995738685131073
0.9691332578659058
0.9870465993881226
0.8748305439949036
0.9798405766487122
0.4619399905204773
0.9874888062477112
0.9942933917045593
0.9791855216026306
0.9925782680511475
0.9912071228027344
0.9852631688117981
0.5628395676612854
0.9861252307891846
0.7834550142288208
0.9882550239562988
0.9810219407081604
0.9780046939849854
0.708552896976471
0.9499809741973877
0.9828962087631226
0.9916897416114807
0.989973247051239
0.9869595766067505
0.9873239398002625
0.9626200795173645
0.9837037324905396
0.9415292143821716
0.9610880017280579
0.981641411781311
0.9058822989463806
0.9907445311546326
0.8877550959587097
0.9713731408119202
0.9923049211502075
0.986983060836792
0.9767760038375854
0.8962137699127197
0.9789368510246277
0.9910104274749756
0.9899120926856995
0.9920121431350708
0.9815777540206909
0.9856753349304199
0.3050282895565033
0.9749070405960083
0.8401028513908386
0.9593425393104553
0.9795275330543518
0.7324531078338623
0.986328125
0.9839479327201843
0.9853556752204895
0.9875929951667786
0.9917354583740234
0.9797022342681885
0.9802919626235962
0.9874999523162842
0.9825190901756287
0.9781497120857239
0.9818875789642334
0.9758287668228149
0.8868304491043091
0.9851729869842529
0.5138516426086426
0.985567033290863
0.9831017851829529
0.9853107929229736
0.8846917748451233
0.9874804019927979
0.6355013251304626
0.9797812700271606
0.9839308261871338
0.5427998900413513
0.9836956262588501
0.9853016138076782
0.9928498268127441
0.9724454879760742
0.9107570052146912
0.9792619347572327
0.9876248240470886
0.9908658266067505
0.9925925731658936
0.8516579866409302
0.9804356098175049
0.9763033390045166
0.8452763557434082
0.9937304258346558
0.970719575881958
0.8982977271080017
0.9771062731742859
0.9910641312599182
0.9774859547615051
0.8381013870239258
0.8243643045425415
0.9841418266296387
0.9916667342185974
0.9758098125457764
0.5527830719947815
0.6001964807510376
0.9411764740943909
0.9877300262451172
0.9884880781173706
0.9883860349655151
0.9907783269882202
0.9877656102180481
0.9823834300041199
0.9732296466827393
0.658244252204895
0.989665687084198
0.5423728227615356
0.9633098840713501
0.8914549350738525
0.7726763486862183
0.983234703540802
0.9746657013893127
0.9856042265892029
0.9868074059486389
0.975476861000061
0.8047747015953064
0.9933775067329407
0.9893185496330261
0.9840490221977234
0.7785804867744446
0.9939562678337097
0.9850873351097107
0.43133583664894104
0.9861475229263306
0.9818313121795654
0.9710711240768433
0.9417424201965332
0.7467166781425476
0.9864864349365234
0.9666500091552734
0.9913249015808105
0.9883450269699097
0.9824933409690857
0.9902060627937317
0.8718190789222717
0.9823445677757263
0.9751917719841003
0.923820972442627
0.9776217937469482
0.9814126491546631
0.9757023453712463
0.9909189343452454
0.17251050472259521
0.9911434054374695
0.9911842942237854
0.9875577688217163
0.9867574572563171
0.9649617671966553
0.9858328700065613
0.9855579733848572
0.9867998361587524
0.9874918460845947
0.9774944186210632
0.9893355369567871
0.9837996959686279
0.9860681295394897
0.9878345727920532
0.9913630485534668
0.711808443069458
0.705284595489502
0.6323155760765076
0.9901880025863647
0.9932765364646912
0.9720616936683655
0.8526646494865417
0.9846664071083069
0.9913917183876038
0.9926839470863342
0.9911949038505554
0.8041422963142395
0.9846001267433167
0.4781649708747864
0.9880685210227966
0.9849941730499268
0.8785219788551331
0.8984273076057434
0.9842424988746643
0.9871999621391296
0.6737383604049683
0.9898749589920044
0.9881137013435364
0.9646335244178772
0.9884678721427917
0.9778164029121399
0.9717370867729187
0.9832215309143066
0.9878049492835999
0.9890764951705933
0.9882352948188782
0.9712153673171997
0.9836211204528809
0.6736677885055542
0.9811468720436096
0.9673357009887695
0.9876543283462524
0.9861701726913452
0.98544842004776
0.911299467086792
0.9821506142616272
0.7172634601593018
0.9841423034667969
0.9907292723655701
0.6598221063613892
0.9894320368766785
0.9856225848197937
0.9846920967102051
0.9586016535758972
0.9631965756416321
0.9099639654159546
0.9891146421432495
0.5704753398895264
0.9837720990180969
0.9793930053710938
0.7130545973777771
0.9805915355682373
0.5780542492866516
0.9889937043190002
0.9772382378578186
0.9931915402412415
0.9828010201454163
0.9869822859764099
0.9921091198921204
0.5874388813972473
0.765692412853241
0.987962543964386
0.7116259336471558
0.9870842099189758
0.9688212871551514
0.6356300711631775
0.6330274939537048
0.9878184199333191
0.9832775592803955
0.7882927656173706
0.8478397130966187
0.9895287752151489
0.9808463454246521
0.2648083567619324
0.7960368990898132
0.7949885725975037
0.9799196720123291
0.9788294434547424
0.9485589265823364
0.9845151901245117
0.9881904125213623
0.8121117949485779
0.992366373538971
0.6779381036758423
0.9883779883384705
0.9794721007347107
0.9803493618965149
0.6209360361099243
0.8187422752380371
0.9859943985939026
0.9825754761695862
0.9768399596214294
0.9897735714912415
0.9854455590248108
0.9919924736022949
0.9493176937103271
0.67836594581604
0.984794557094574
0.9840068221092224
0.9085434675216675
0.986868679523468
0.98591548204422
0.8023216724395752
0.9832451939582825
0.9833941459655762
0.8080342411994934
0.993779182434082
0.9811536073684692
0.8454935550689697
0.5491183996200562
0.41915783286094666
0.6776151061058044
0.9244414567947388
0.8808029294013977
0.9834895730018616
0.6722688674926758
0.7950735092163086
0.9870572090148926
0.9222104549407959
0.9907692670822144
0.489631325006485
0.5292509198188782
0.9879857897758484
0.984691858291626
0.993090808391571
0.8736263513565063
0.9181450009346008
0.6712153553962708
0.900473952293396
0.9846153855323792
0.9836065769195557
0.9755929708480835
0.9916290044784546
0.6182509660720825
0.9918311238288879
0.9900332689285278
0.8355064988136292
0.9851709604263306
0.9896194338798523
0.9731308817863464
0.9197708368301392
0.1996055245399475
0.981759250164032
0.988579511642456
0.5854092836380005
0.9609375
0.9946428537368774
0.773445725440979
0.9806523323059082
0.49269717931747437
0.3300573229789734
0.6423861980438232
0.9867238402366638
0.9871534705162048
0.9881873726844788
0.9656887054443359
0.9844271540641785
0.9830334782600403
0.9615669250488281
0.6458961963653564
0.988747775554657
0.9844632744789124
0.9922078847885132
0.9828753471374512
0.9854047298431396
0.9892473816871643
0.46053946018218994
0.9784945845603943
0.9733278155326843
0.8597580194473267
0.8290361166000366
0.9873518347740173
0.8408679962158203
0.7456753253936768
0.9865888953208923
0.9907493591308594
0.9887076616287231
0.9903509020805359
0.8258839249610901
0.6592345237731934
0.6302789449691772
0.8971269726753235
0.3304647207260132
0.9914320111274719
0.699680507183075
0.32176005840301514
0.9073387980461121
0.8251021504402161
0.9775502681732178
0.03324900567531586
0.9211909174919128
0.732682466506958
0.9806922078132629
0.9377049207687378
0.9774435758590698
0.2336980253458023
0.9826303124427795
0.9906728863716125
0.9861792325973511
0.988875150680542
0.9787890315055847
0.8669891357421875
0.9734243750572205
0.9876002073287964
0.9831095337867737
0.9867020845413208
0.9908255934715271
0.993437647819519
0.44951459765434265
0.9497315883636475
0.9936554431915283
0.9905935525894165
0.985989511013031
0.9728827476501465
0.9775390625
0.8274363875389099
0.6963383555412292
0.5242140889167786
0.9597315192222595
0.7416538596153259
0.8761371374130249
0.9714919924736023
0.9850200414657593
0.9930158257484436
0.9654341340065002
0.46444520354270935
0.9905462265014648
0.9891980886459351
0.8258706331253052
0.9824672937393188
0.8493812084197998
0.904033362865448
0.9934211373329163
0.9898826479911804
0.9909475445747375
0.9886220097541809
0.6794575452804565
0.9936856031417847
0.9865148067474365
0.9877550601959229
0.9810945391654968
0.9897750616073608
0.669991672039032
0.9886817932128906
0.9866756200790405
0.3159441649913788
0.9895064234733582
0.9892327785491943
0.8876055479049683
0.9911392331123352
0.9783933758735657
0.9875518679618835
0.9808428883552551
0.6439144611358643
0.9871393442153931
0.9838362336158752
0.9837133288383484
0.6442177295684814
0.9878542423248291
0.9812948703765869
0.9828147292137146
0.9859594106674194
0.566461443901062
0.9881847500801086
0.9614009857177734
0.23000986874103546
0.9902361631393433
0.7597122192382812
0.9642857313156128
0.9755880832672119
0.9824704527854919
0.9817577600479126
0.9885757565498352
0.978303849697113
0.95457923412323
0.9169349670410156
0.9864193201065063
0.9953785538673401
0.9608850479125977
0.685914933681488
0.8368253707885742
0.9903057813644409
0.9759679436683655
0.9923518300056458
0.9827483296394348
0.6089185476303101
0.9817629456520081
0.9751647114753723
0.5319148898124695
0.9203540086746216
0.985844612121582
0.9866524338722229
0.9869099855422974
0.8434522151947021
0.9644039273262024
0.9749190807342529
0.6113989353179932
0.980578601360321
0.9503105878829956
0.9722222685813904
0.82677161693573
0.9892192482948303
0.9896222949028015
0.9834426641464233
0.9201171398162842
0.9380053877830505
0.9803781509399414
0.9884199500083923
0.9893877506256104
0.9876288771629333
0.9554656147956848
0.6489987969398499
0.6532319188117981
0.9850860834121704
0.9838006496429443
0.988090991973877
0.9123328328132629
0.9808463454246521
0.9729272723197937
0.9275567531585693
0.9807248115539551
0.9734513163566589
0.9880785346031189
0.5914315581321716
0.7776049971580505
0.9930458664894104
0.9847293496131897
0.9747545719146729
0.9837603569030762
0.9779688119888306
0.9680808186531067
0.9753915071487427
0.9860548973083496
0.9588302373886108
0.9770254492759705
0.8650306463241577
0.9837236404418945
0.9926793575286865
0.4243743121623993
0.4738083779811859
0.9875604510307312
0.9362464547157288
0.984977126121521
0.9917762875556946
0.6484502553939819
0.988292396068573
0.833397388458252
0.9860248565673828
0.8607053756713867
0.0
0.8399999737739563
0.9829787611961365
0.9807130694389343
0.9880202412605286
0.9851052761077881
0.9788684248924255
0.8478052020072937
0.9733916521072388
0.5726732611656189
0.9793577790260315
0.22933965921401978
0.7280805110931396
0.9926098585128784
0.7706855535507202
0.8503888249397278
0.9865861535072327
0.3604777455329895
0.9891875386238098
0.9417176842689514
0.6145723462104797
0.9847095012664795
0.9893072843551636
0.9687637686729431
0.9943925142288208
0.796708345413208
0.9883138537406921
0.9785831570625305
0.97454833984375
0.8476820588111877
0.9786078333854675
0.9865275621414185
0.9850020408630371
0.7861101031303406
0.9794790148735046
0.9861039519309998
0.9799490571022034
0.9838135838508606
0.9873046875
0.984036922454834
0.9787917733192444
0.9866109490394592
0.8235800266265869
0.5939204692840576
0.8288000226020813
0.9870030879974365
0.9891696572303772
0.7989556193351746
0.6349862217903137
0.9380602836608887
0.9782135486602783
0.6052036285400391
0.9828510284423828
0.9811320304870605
0.9850340485572815
0.8912158608436584
0.9886147975921631
0.9800569415092468
0.9900293350219727
0.823343813419342
0.9844602942466736
0.6855670213699341
0.9833831191062927
0.9812981486320496
0.9879329800605774
0.9911566972732544
0.9883206486701965
0.9951857328414917
0.9872689247131348
0.9867491126060486
0.9756572246551514
0.6439628005027771
0.9861750602722168
0.9887964725494385
0.9884711503982544
0.979236364364624
0.6643404960632324
0.9942814111709595
0.985709547996521
0.9834368228912354
0.9866666197776794
0.8753402233123779
0.9567233920097351
0.9707892537117004
0.9823917746543884
0.5927039980888367
0.6942551136016846
0.9830508828163147
0.9212557673454285
0.8623639345169067
0.35049596428871155
0.9921794533729553
0.9730587005615234
0.6097280383110046
0.9805393815040588
0.9864552617073059
0.9912768006324768
0.981599748134613
0.6240800619125366
0.979216992855072
0.9910334944725037
0.9802790284156799
0.9896324276924133
0.9624758362770081
0.7723768353462219
0.9838600754737854
0.7120813131332397
0.9883186221122742
0.9906401038169861
0.9826961755752563
0.9826589822769165
0.9447089433670044
0.8076349496841431
0.9438759684562683
0.9894559383392334
0.9826146960258484
0.9874668121337891
0.8411030769348145
0.29354390501976013
0.9910141229629517
0.9497679471969604
0.9904248714447021
0.9864979386329651
0.9841756224632263
0.9857897162437439
0.9712934494018555
0.9918698668479919
0.6596550345420837
0.9925494194030762
0.5213301777839661
0.49020594358444214
0.9911688566207886
0.684242844581604
0.965299665927887
0.5920519232749939
0.9839285612106323
0.9879325032234192
0.9381318092346191
0.8282060027122498
0.9827356934547424
0.9852941036224365
0.9530153274536133
0.9899917244911194
0.8955223560333252
0.5851528644561768
0.9913875460624695
0.9891425967216492
0.7287043333053589
0.3480701744556427
0.9663973450660706
0.9292770028114319
0.9876949191093445
0.9869396090507507
0.9902713894844055
0.9809523820877075
0.9732661247253418
0.7423335313796997
0.595763087272644
0.9565218091011047
0.64786696434021
0.9830383658409119
0.987962543964386
0.9819319248199463
0.9856310486793518
0.9841853976249695
0.9769259095191956
0.9923161268234253
0.9956400990486145
0.9663408994674683
0.9743362665176392
0.9872164726257324
0.9706202149391174
0.9841590523719788
0.9880850911140442
0.9902912974357605
0.9787891507148743
0.5596603155136108
0.9880050420761108
0.9918181896209717
0.9875222444534302
0.4984177350997925
0.989791750907898
0.9783907532691956
0.9886706471443176
0.9832669496536255
0.9895978569984436
0.957025945186615
0.9175257682800293
0.9866185188293457
0.9833564162254333
0.9867794513702393
0.9900614619255066
0.4774859547615051
0.9929763078689575
0.585605263710022
0.9761155843734741
0.9891018271446228
0.8424836993217468
0.8291544914245605
0.7035214304924011
0.9884678721427917
0.9417721629142761
0.9493433237075806
0.9611436128616333
0.9845320582389832
0.9885872602462769
0.4230560064315796
0.9938249588012695
0.9796087741851807
0.9849574565887451
0.9879517555236816
0.9920601844787598
0.9872193336486816
0.9892802238464355
0.9829911589622498
0.7704171538352966
0.9875462651252747
0.9528838396072388
0.9675834774971008
0.9929603338241577
0.9838008284568787
0.9899613857269287
0.9844748973846436
0.467681884765625
0.6829098463058472
0.8869616985321045
0.9839141964912415
0.9149408936500549
0.984375
0.603056013584137
0.9407241940498352
0.9845544099807739
0.7757352590560913
0.9810230731964111
0.9633417725563049
0.981432318687439
0.5029745697975159
0.6315789818763733
0.9493554830551147
0.9799510836601257
0.9854763746261597
0.987784743309021
0.9865393042564392
0.6048741936683655
0.9863608479499817
0.9789069294929504
0.9157013893127441
0.0
0.985283374786377
0.9818342924118042
0.9524475336074829
0.9897499084472656
0.6085271239280701
0.9822424650192261
0.989970862865448
0.6356011033058167
0.9893238544464111
0.9824057817459106
0.4994829595088959
0.9579676389694214
0.80998295545578
0.9920713305473328
0.7095199823379517
0.9863105416297913
0.8968282341957092
0.9924050569534302
0.9790264964103699
0.9842814803123474
0.9843008518218994
0.6996238827705383
0.9448336362838745
0.4500860571861267
0.9935649633407593
0.9778226017951965
0.9828828573226929
0.9774011373519897
0.9906542301177979
0.27721720933914185
0.8102778792381287
0.8057993054389954
0.9837008714675903
0.9911929965019226
0.9767441153526306
0.9852990508079529
0.949797511100769
0.9262213706970215
0.9932034611701965
0.6469038128852844
0.991977334022522
0.46646732091903687
0.9843122363090515
0.9614835977554321
0.9697765707969666
0.981185257434845
0.9840944409370422
0.9656581878662109
0.9284126162528992
0.8998440504074097
0.9291055798530579
0.9824560880661011
0.9321401715278625
0.9812154769897461
0.0
0.9810040593147278
0.9927006959915161
0.9842978715896606
0.9820239543914795
0.6341311931610107
0.9888476133346558
0.8446483016014099
0.9764754176139832
0.9852996468544006
0.7001270651817322
0.9860525727272034
0.9839255213737488
0.936141312122345
0.5084629058837891
0.9733939170837402
0.979181170463562
0.9765293598175049
0.9759197235107422
0.9844329357147217
0.8189498782157898
0.5904254913330078
0.987679660320282
0.9891526103019714
0.5568065643310547
0.7583826184272766
0.6773972511291504
0.8282442688941956
0.4694397449493408
0.9409794807434082
0.9723939895629883
0.8416485786437988
0.9848484396934509
0.984965443611145
0.8933560848236084
0.9572649598121643
0.9890939593315125
0.8545887470245361
0.9785512089729309
0.82004314661026
0.9884009957313538
0.9890732765197754
0.9253885746002197
0.9840202927589417
0.8966954946517944
0.9908620715141296
0.9803390502929688
0.9811320304870605
0.987444281578064
0.9893370270729065
0.9802224636077881
0.7148903608322144
0.9808353781700134
0.5961783528327942
0.9898648858070374
0.987120509147644
0.5528731346130371
0.5604395270347595
0.9934162497520447
0.9753657579421997
0.9901707172393799
0.9861276149749756
0.9840682148933411
0.7034534811973572
0.9911503791809082
0.9760454297065735
0.983639121055603
0.818607747554779
0.9887983798980713
0.9852535128593445
0.9828990697860718
0.7193460464477539
0.8783454895019531
0.6136071681976318
0.9863684773445129
0.9652432203292847
0.9299460649490356
0.992284893989563
0.9821816682815552
0.7260329127311707
0.9598109722137451
0.9872340559959412
0.6188870072364807
0.9890510439872742
0.98296058177948
0.9885742664337158
0.9603304862976074
0.9835742712020874
0.8161687254905701
0.981777548789978
0.9846402406692505
0.8434362411499023
0.9580273032188416
0.9915720224380493
0.9779099225997925
0.9910529255867004
0.9853333234786987
0.9867595434188843
0.9842122793197632
0.9917245507240295
0.7446808218955994
0.9834738969802856
0.9746835231781006
0.9482895135879517
0.6686656475067139
0.9912755489349365
0.992033064365387
0.9004072546958923
0.9840880632400513
0.9893333911895752
0.9770658612251282
0.9874687194824219
0.9886792898178101
0.9800089001655579
0.9831649661064148
0.9869964718818665
0.9889042377471924
0.9905388951301575
0.9794676899909973
0.9867430925369263
0.6644664406776428
0.6916264891624451
0.9878384470939636
0.9058995842933655
0.940634548664093
0.8864210247993469
0.9610028266906738
0.9662808179855347
0.9797501564025879
0.9824868440628052
0.8145569562911987
0.7750953435897827
0.6520947217941284
0.8836663365364075
0.9548228979110718
0.9887378215789795
0.8239201903343201
0.7999999523162842
0.98097825050354
0.6502167582511902
0.9852359294891357
0.9905481934547424
0.9041222929954529
0.8679562211036682
0.9817308187484741
0.8394787907600403
0.9906686544418335
0.9430379867553711
0.9845904111862183
0.9866529107093811
0.9537426233291626
0.9855716228485107
0.7951528429985046
0.6099151968955994
0.9919462203979492
0.9336869716644287
0.9745115041732788
0.9239024519920349
0.9861467480659485
0.9827495813369751
0.9845177531242371
0.9851064085960388
0.8361045122146606
0.9802718162536621
0.8907563090324402
0.8375229835510254
0.9877460598945618
0.9841269850730896
0.8065600991249084
0.9391244053840637
0.989665687084198
0.6256946921348572
0.7332667112350464
0.9876460433006287
0.9920353889465332
0.951676070690155
0.9909090399742126
0.9798539876937866
0.9627876281738281
0.9691444635391235
0.9789891839027405
0.8326289057731628
0.9913420081138611
0.9896000027656555
0.9793186783790588
0.9859514832496643
0.9867595434188843
0.9864376187324524
0.8479809165000916
0.873814046382904
0.9840737581253052
0.9899086952209473
0.9808292984962463
0.7793931365013123
0.9803023934364319
0.9876105785369873
0.8240291476249695
0.966829240322113
0.9869565367698669
0.980529248714447
0.5620716214179993
0.9918910264968872
0.9836521744728088
0.954283595085144
0.9802131056785583
0.993630588054657
0.9709944725036621
0.9907407164573669
0.9818840026855469
0.9869118928909302
0.6574989557266235
0.9839572310447693
0.6352746486663818
0.8482202887535095
0.9857664704322815
0.990418553352356
0.3786407709121704
0.32301563024520874
0.9838709235191345
0.9849541783332825
0.9405563473701477
0.6658227443695068
0.7958332896232605
0.9843810200691223
0.9360204339027405
0.9806399941444397
0.9840074777603149
0.972731351852417
0.9825242757797241
0.9637305736541748
0.9833555817604065
0.9896743297576904
0.7928209900856018
0.9827396273612976
0.9795128703117371
0.9940329790115356
0.5142555236816406
0.8622539639472961
0.9725198149681091
0.9806296229362488
0.6339501142501831
0.9858823418617249
0.9892984628677368
0.9958592057228088
0.9919545650482178
0.9890387058258057
0.9804857969284058
0.9773635268211365
0.6424870491027832
0.9638251066207886
0.9724079966545105
0.8374596834182739
0.9766976833343506
0.46065425872802734
0.9692185521125793
0.9894906878471375
0.98079913854599
0.9760765433311462
0.9034556150436401
0.9901351928710938
0.9858183264732361
0.984690248966217
0.9863210916519165
0.9874950051307678
0.9711673855781555
0.9475262761116028
0.9910554885864258
0.9611908197402954
0.991092324256897
0.9918151497840881
0.9879226684570312
0.9198088049888611
0.9904979467391968
0.9867096543312073
0.9869565367698669
0.9931918382644653
0.9907985925674438
0.6831119656562805
0.9779767990112305
0.9838982820510864
0.8491228222846985
0.39417120814323425
0.5442020893096924
0.9821717739105225
0.9869110584259033
0.9914737939834595
0.9852990508079529
0.9869388341903687
0.5704085826873779
0.9764437675476074
0.7176427245140076
0.9809146523475647
0.8768529295921326
0.7442207336425781
0.989130437374115
0.9648798108100891
0.6345885396003723
0.9927404522895813
0.6783936619758606
0.986312747001648
0.9908257126808167
0.974962055683136
0.9517078399658203
0.9853548407554626
0.9473684430122375
0.9894206523895264
0.9729730486869812
0.9839250445365906
0.9888243675231934
0.7387328147888184
0.9895890355110168
0.9826087355613708
0.9916500449180603
0.9064505696296692
0.9835390448570251
0.9736842513084412
0.9919355511665344
0.9107253551483154
0.97098308801651
0.9890710711479187
0.9910447597503662
0.8112633228302002
0.9766970872879028
0.9804964661598206
0.9869831800460815
0.9824120998382568
0.5880356431007385
0.9948350787162781
0.6755687594413757
0.9855183959007263
0.9834468960762024
0.9838908910751343
0.9608063101768494
0.9899536371231079
0.8721174001693726
0.973120391368866
0.9805924892425537
0.9938359260559082
0.9281972050666809
0.9919354319572449
0.8190532922744751
0.9799919128417969
0.9911041259765625
0.6660753488540649
0.9834296703338623
0.9689298272132874
0.9538043737411499
0.9626320004463196
0.952667772769928
0.9901365637779236
0.9863014221191406
0.9870503544807434
0.8787610530853271
0.9902319312095642
0.9851102232933044
0.7442489862442017
0.9839640259742737
0.9840478301048279
0.9940688610076904
0.9901140928268433
0.9829059839248657
0.7866880297660828
0.5817694664001465
0.9908610582351685
0.9786927103996277
0.9768977165222168
0.7338084578514099
0.589211642742157
0.7306451797485352
0.6427061557769775
0.9787890315055847
0.9884007573127747
0.6251943707466125
0.9808633923530579
0.676323652267456
0.9843919277191162
0.6846182346343994
0.9781879186630249
0.991367518901825
0.9921635985374451
0.972862184047699
0.981165885925293
0.9855908155441284
0.9775204062461853
0.9841498732566833
0.9803429245948792
0.9805653095245361
0.8943396806716919
0.2283104956150055
0.9809610247612
0.7664483785629272
0.981563925743103
0.9842104911804199
0.5394277572631836
0.8121779561042786
0.9908726215362549
0.9855421185493469
0.982677161693573
0.7818930149078369
0.6820533275604248
0.6635257601737976
0.9786955118179321
0.9902350902557373
0.8638184666633606
0.6729153394699097
0.31146809458732605
0.9850745797157288
0.9793190956115723
0.991304337978363
0.985792338848114
0.9899371266365051
0.9807521104812622
0.9750812649726868
0.9505823850631714
0.9772464036941528
0.8387096524238586
0.8692532777786255
0.9773462414741516
0.985088586807251
0.9816297888755798
0.8995984196662903
0.2858141362667084
0.9858775734901428
0.9798126220703125
0.9780111312866211
0.9800664782524109
0.9864175915718079
0.9791081547737122
0.9780033826828003
0.5477178692817688
0.9838274717330933
0.9825227856636047
0.8459110856056213
0.7333593368530273
0.8142777681350708
0.9852579832077026
0.940156102180481
0.7668024301528931
0.9927283525466919
0.8341848254203796
0.9724918603897095
0.9902632236480713
0.9732894897460938
0.9157994389533997
0.7970370650291443
0.9797613024711609
0.8554282188415527
0.9532163739204407
0.9887719750404358
0.9874607920646667
0.983002781867981
0.9888476133346558
0.987591028213501
0.8440536856651306
0.8953214287757874
0.9807466268539429
0.6051805019378662
0.6526163220405579
0.9858357310295105
0.9845445156097412
0.9872909784317017
0.948628842830658
0.6374828815460205
0.9711151719093323
0.7405127882957458
0.9865772128105164
0.9886085987091064
0.8645558953285217
0.9750767946243286
0.7128514051437378
0.9921519756317139
0.9671099185943604
0.987960934638977
0.984204113483429
0.9897660613059998
0.5069637894630432
0.7443408370018005
0.5328258872032166
0.9843902587890625
0.9863013625144958
0.9796363711357117
0.734927237033844
0.9918397068977356
0.9822820425033569
0.9896286129951477
0.9615040421485901
0.9856669902801514
0.9800489544868469
0.8869504332542419
0.9855868816375732
0.9807354807853699
0.9457194209098816
0.9796568751335144
0.7038548588752747
0.7573270201683044
0.975413978099823
0.9854825139045715
0.98124098777771
0.968868613243103
0.7376554012298584
0.9827044010162354
0.9871023893356323
0.992343008518219
0.9452055096626282
0.9888688921928406
0.8704617023468018
0.6814200282096863
0.9783260822296143
0.9785911440849304
0.8465577363967896
0.924513041973114
0.986234724521637
0.9910794496536255
0.9856880307197571
0.6456742882728577
0.9829568266868591
0.9827824234962463
0.9867132902145386
0.9843878149986267
0.9932265877723694
0.7769258618354797
0.9458048939704895
0.9898900985717773
0.5774336457252502
0.8534483313560486
0.9883537888526917
0.986052930355072
0.9747530221939087
0.9203305840492249
0.9922430515289307
0.9060357213020325
0.9811947345733643
0.9917491674423218
0.7090908885002136
0.970017671585083
0.9886001348495483
0.9902152419090271
0.9879317283630371
0.9925062656402588
0.6133908629417419
0.9855988025665283
0.657575786113739
0.5759822130203247
0.9735268354415894
0.9018329381942749
0.7981840372085571
0.8854464292526245
0.9824199080467224
0.990805447101593
0.9897499084472656
0.9928131103515625
0.986748218536377
0.9845454692840576
0.947501003742218
0.9822016954421997
0.9894663691520691
0.9226781129837036
0.9719008803367615
0.72233647108078
0.9914529323577881
0.6497982740402222
0.9794238209724426
0.9925834536552429
0.9923980236053467
0.9913232326507568
0.8833982944488525
0.9836500883102417
0.9703735709190369
0.34474971890449524
0.8735713958740234
0.9715356230735779
0.7157595157623291
0.9917057752609253
0.8154913783073425
0.7752293944358826
0.9329198002815247
0.8977469205856323
0.9878249168395996
0.9909420609474182
0.8061224818229675
0.7858889102935791
0.9847127199172974
0.5829307436943054
0.9848846197128296
0.5755267143249512
0.9134920835494995
0.5978755354881287
0.9914866089820862
0.5976359248161316
0.563224732875824
0.792404294013977
0.8429303765296936
0.8428835868835449
0.986905574798584
0.8776435256004333
0.9459556937217712
0.9026898741722107
0.821520984172821
0.9860020875930786
0.9869173765182495
0.9849498271942139
0.9906461834907532
0.9814264178276062
0.6472019553184509
0.9817303419113159
0.32137733697891235
0.9879621863365173
0.9859155416488647
0.8365196585655212
0.9710332751274109
0.8648790717124939
0.5591571927070618
0.8246527314186096
0.9786904454231262
0.8975957632064819
0.9838932752609253
0.7798793315887451
0.993191123008728
0.9569318294525146
0.9848535656929016
0.9822646379470825
0.9755891561508179
0.9896984100341797
0.9772272706031799
0.7987377643585205
0.7670473456382751
0.9841882586479187
0.9845288395881653
0.6198546886444092
0.9942492246627808
0.8958032131195068
0.9735099077224731
0.9865138530731201
0.9855788946151733
0.9845002293586731
0.8959932327270508
0.9838846325874329
0.9847639799118042
0.5672093629837036
0.9917834997177124
0.8781973123550415
0.633726179599762
0.4853118658065796
0.15231457352638245
0.9894112944602966
0.6934852004051208
0.8999309539794922
0.9753264784812927
0.9862778782844543
0.9662379026412964
0.9855480790138245
0.8282772302627563
0.9606299996376038
0.587264895439148
0.774796724319458
0.9443572759628296
0.6053794026374817
0.9863975644111633
0.540077805519104
0.7157683372497559
0.9780956506729126
0.8403846621513367
0.6288209557533264
0.996842622756958
0.9106302857398987
0.9562021493911743
0.9924670457839966
0.98748379945755
0.988869845867157
0.9407435059547424
0.7428570985794067
0.973805844783783
0.8621700406074524
0.9786821603775024
0.8069063425064087
0.9831017851829529
0.9896239042282104
0.9916084408760071
0.9825960397720337
0.8372093439102173
0.9897660613059998
0.9894112944602966
0.8949843049049377
0.9383378028869629
0.9861963391304016
0.9730678796768188
0.9882519841194153
0.5273786187171936
0.8638957142829895
0.9766573309898376
0.18435251712799072
0.9858531951904297
0.8737223744392395
0.9871113896369934
0.9821718335151672
0.832373857498169
0.9500182271003723
0.5801125764846802
0.9874342083930969
0.9846335649490356
0.604271411895752
0.5774058699607849
0.9902254939079285
0.35166534781455994
0.9867916107177734
0.9881390333175659
0.9844666719436646
0.9875552654266357
0.9813624024391174
0.993207573890686
0.9872341156005859
0.9868173003196716
0.9819866418838501
0.9785276055335999
0.9816306233406067
0.9861156344413757
0.9883426427841187
0.9921813607215881
0.9966232776641846
0.9838188290596008
0.9873605966567993
0.9889582395553589
0.8136752247810364
0.9879931211471558
0.984375
0.984707236289978
0.9894309043884277
0.5342734456062317
0.8299936056137085
0.986906111240387
0.8955631256103516
0.9453966617584229
0.722574770450592
0.9783132672309875
0.9696739912033081
0.984363317489624
0.9740698933601379
0.9851799011230469
0.7537643909454346
0.9483846426010132
0.9854273200035095
0.9888127446174622
0.9815800189971924
0.9826503992080688
0.8785775899887085
0.9797235131263733
0.9727463126182556
0.9888921976089478
0.9535775780677795
0.98676598072052
0.955433189868927
0.9899396300315857
0.9576370120048523
0.9790145754814148
0.983028769493103
0.9831962585449219
0.9872269630432129
0.9840567111968994
0.9769107699394226
0.6487488746643066
0.9772289395332336
0.982677161693573
0.9890943765640259
0.9835235476493835
0.9782819747924805
0.9708589315414429
0.8795264363288879
0.9898248910903931
0.9436619877815247
0.9850030541419983
0.9568374752998352
0.9696145057678223
0.9849650859832764
0.982008159160614
0.8855674862861633
0.9816384315490723
0.866319477558136
0.9946902394294739
0.9904065132141113
0.6486305594444275
0.9586776494979858
0.9763779044151306
0.7605118155479431
0.9887640476226807
0.9908571243286133
0.9726235866546631
0.9875552654266357
0.9737886786460876
0.6246271729469299
0.9884678721427917
0.8382541537284851
0.9877216815948486
0.9878453612327576
0.7594766616821289
0.9871833324432373
0.9839048385620117
0.9841772317886353
0.7953576445579529
0.9840453267097473
0.44165316224098206
0.9270908236503601
0.7902517318725586
0.0
0.9797948002815247
0.8744394779205322
0.9697542786598206
0.981631875038147
0.9872739911079407
0.9857249855995178
0.6088094711303711
0.7072703838348389
0.9909090995788574
0.9817544221878052
0.9840637445449829
0.9785844087600708
0.9873718023300171
0.9884323477745056
0.9944953918457031
0.982866644859314
0.7313337326049805
0.7639877796173096
0.9840142130851746
0.9727557301521301
0.993249773979187
0.8842185139656067
0.7502116560935974
0.8234891891479492
0.7436928749084473
0.982913613319397
0.2693467438220978
0.7524893283843994
0.9808152914047241
0.9735909104347229
0.9860821962356567
0.9881070256233215
0.9836423397064209
0.591304361820221
0.9870361685752869
0.7007407546043396
0.6620046496391296
0.8886213302612305
0.9869067668914795
0.9841914176940918
0.829716145992279
0.9900303483009338
0.9922899007797241
0.945147693157196
0.9916735887527466
0.8666666150093079
0.9398471117019653
0.9320629239082336
0.9936685562133789
0.9662545919418335
0.6470776200294495
0.702589213848114
0.9822326898574829
0.9969943165779114
0.9746500849723816
0.9720885157585144
0.8736247420310974
0.9836390614509583
0.9837605953216553
0.9879335761070251
0.8214017152786255
0.9852458834648132
0.9501011967658997
0.5546906590461731
0.986481249332428
0.21263240277767181
0.9889134764671326
0.8410013318061829
0.9792085886001587
0.993534505367279
0.5842306017875671
0.9930651783943176
0.9855189323425293
0.9835706353187561
0.9848331212997437
0.9910802841186523
0.43058350682258606
0.9866774678230286
0.9842297434806824
0.6406545042991638
0.9912537336349487
0.983988344669342
0.9803563356399536
0.9844627976417542
0.8030769228935242
0.985856831073761
0.9677134156227112
0.7296848893165588
0.9761157035827637
0.477281391620636
0.9871174693107605
0.8128577470779419
0.9782016277313232
0.9678550362586975
0.9892933964729309
0.9725914597511292
0.9850327372550964
0.9293756484985352
0.5075812339782715
0.9798387289047241
0.95795077085495
0.9903147220611572
0.9870221018791199
0.6007575988769531
0.9529970288276672
0.991539716720581
0.9741001725196838
0.9828810691833496
0.8094774484634399
0.6676558256149292
0.9324324131011963
0.9786294102668762
0.9853479266166687
0.9921358227729797
0.9931305050849915
0.9819391369819641
0.9192200899124146
0.9923540949821472
0.9697252511978149
0.9231395125389099
0.7317073941230774
0.9717164039611816
0.9858450293540955
0.9892387390136719
0.9588905572891235
0.7462379336357117
0.872707724571228
0.9631559252738953
0.9848229289054871
0.97437983751297
0.8972830176353455
0.988072395324707
0.8215962052345276
0.9793103933334351
0.9570484161376953
0.8325822949409485
0.9739871621131897
0.5741626620292664
0.9848101139068604
0.9788258075714111
0.9914402961730957
0.6741963624954224
0.987101137638092
0.9898151755332947
0.9886022806167603
0.9874626398086548
0.9790055751800537
0.9731759428977966
0.975845456123352
0.8514981865882874
0.9877011179924011
0.9879999756813049
0.9855268001556396
0.9820789098739624
0.9879857897758484
0.3055841028690338
0.5860306620597839
0.9550678730010986
0.6692742109298706
0.9807085394859314
0.9816480278968811
0.986851692199707
0.9875862002372742
0.9834888577461243
0.9801980257034302
0.8139535188674927
0.6345657706260681
0.8236265778541565
0.9816901683807373
0.983410120010376
0.8413283824920654
0.8665105104446411
0.9787836074829102
0.9867256879806519
0.982040286064148
0.590673565864563
0.8230480551719666
0.9856734275817871
0.9897735714912415
0.7658761143684387
0.9845951795578003
0.9866666793823242
0.9912663698196411
0.9884726405143738
0.9875054359436035
0.9786292910575867
0.966292142868042
0.8776534199714661
0.7144440412521362
0.9818562865257263
0.768780529499054
0.9944223761558533
0.6537495851516724
0.9744463562965393
0.987002968788147
0.971331000328064
0.8182231783866882
0.9569023251533508
0.9728813171386719
0.977834939956665
0.945866584777832
0.9812799692153931
0.9407783150672913
0.8183892965316772
0.9761820435523987
0.9795097708702087
0.9866369962692261
0.9746707081794739
0.9828851222991943
0.9844436049461365
0.9848721623420715
0.983234703540802
0.6807554364204407
0.43574294447898865
0.9913116097450256
0.987042248249054
0.9884338974952698
0.981702446937561
0.9876203536987305
0.9571682214736938
0.9836223721504211
0.9787743091583252
0.9759197235107422
0.9676145315170288
0.987901508808136
0.9896693825721741
0.9866301417350769
0.9847878217697144
0.9845897555351257
0.681392252445221
0.9802104830741882
0.9869888424873352
0.988145649433136
0.976775050163269
0.7783039212226868
0.6604026556015015
0.9875747561454773
0.9808456897735596
0.9899638891220093
0.9864986538887024
0.9862475991249084
0.9892957806587219
0.8871645927429199
0.3811335265636444
0.2360844612121582
0.9862204790115356
0.9847715497016907
0.9474654793739319
0.9852216839790344
0.9751527905464172
0.801089882850647
0.9753508567810059
0.9837265610694885
0.9922108054161072
0.9821566939353943
0.9922680258750916
0.9762094020843506
0.7288246750831604
0.9860869646072388
0.9633546471595764
0.9883138537406921
0.9819391369819641
0.9908963441848755
0.9928005337715149
0.9872958660125732
0.9849171042442322
0.9846583008766174
0.6751954555511475
0.7449856400489807
0.9866259098052979
0.9838642477989197
0.4726962447166443
0.9847463965415955
0.9927219748497009
0.9823507070541382
0.9872734546661377
0.9847296476364136
0.989067554473877
0.9885713458061218
0.9922630190849304
0.5452631115913391
0.9702495336532593
0.9784426093101501
0.9881296157836914
0.5434674620628357
0.4975088834762573
0.9359303116798401
0.9304574131965637
0.6366392374038696
0.8180146813392639
0.9189687371253967
0.9844987988471985
0.9739044904708862
0.9310344457626343
0.9855656623840332
0.8451189398765564
0.892335832118988
0.9863344430923462
0.9895156621932983
0.4937500059604645
0.9835923910140991
0.9882903695106506
0.9828779101371765
0.9860700964927673
0.9882870316505432
0.9716088175773621
0.8417757749557495
0.9800065755844116
0.9793252944946289
0.981698215007782
0.9755563139915466
0.963001012802124
0.6480036377906799
0.986382007598877
0.9918450713157654
0.9847133755683899
0.9805940985679626
0.6680294871330261
0.9822534322738647
0.8343710899353027
0.9845702052116394
0.9812108278274536
0.6068346500396729
0.931563675403595
0.8998302221298218
0.9863672852516174
0.986571192741394
0.982445478439331
0.9389132261276245
0.7097039818763733
0.9905417561531067
0.9916368126869202
0.9785301685333252
0.992817223072052
0.9923183917999268
0.9946419596672058
0.9804104566574097
0.9898563623428345
0.9874948859214783
0.9877459406852722
0.7845686674118042
0.9949295520782471
0.9539913535118103
0.981574535369873
0.9823808073997498
0.9867395162582397
0.9610082507133484
0.9879633784294128
0.9912682771682739
0.9782536029815674
0.9694092869758606
0.9756303429603577
0.9875873327255249
0.860999584197998
0.9890004992485046
0.9830716848373413
0.983747661113739
0.7510668635368347
0.9880774617195129
0.965828537940979
0.9892059564590454
0.9901381134986877
0.6677537560462952
0.8076368570327759
0.983488142490387
0.9677419066429138
0.9379816651344299
0.992553174495697
0.9841590523719788
0.6929999589920044
0.9697471857070923
0.9768916964530945
0.772268533706665
0.978360652923584
0.5727190375328064
0.9857079982757568
0.5678457021713257
0.9923973679542542
0.9466560482978821
0.9855967164039612
0.9873718023300171
0.9704433679580688
0.9727842807769775
0.8569886684417725
0.5747414827346802
0.5550586581230164
0.6627335548400879
0.9768722057342529
0.9852507710456848
0.9867655038833618
0.9911728501319885
0.6809727549552917
0.9619160294532776
0.9899558424949646
0.9821251034736633
0.9802317023277283
0.9793270230293274
0.980526864528656
0.5398994088172913
0.8539916276931763
0.9807692766189575
0.9842357635498047
0.9930716156959534
0.6765899658203125
0.9822761416435242
0.9930716156959534
0.9847511649131775
0.6036625504493713
0.34965601563453674
0.9534050226211548
0.9824853539466858
0.9904088973999023
0.7933940291404724
0.9836956262588501
0.9835271239280701
0.7290606498718262
0.7340310215950012
0.8858757615089417
0.5681445002555847
0.9885239005088806
0.7405204176902771
0.9910179376602173
0.9875621795654297
0.9615975618362427
0.5344889163970947
0.9747646450996399
0.9788306355476379
0.8627869486808777
0.985963761806488
0.9808876514434814
0.985176682472229
0.9770220518112183
0.9707510471343994
0.8727539777755737
0.8181818723678589
0.7469635605812073
0.9909403920173645
0.9915042519569397
0.9825581908226013
0.641464114189148
0.9919419288635254
0.9743366837501526
0.987627387046814
0.8418329358100891
0.541832685470581
0.8411632776260376
0.9873737096786499
0.981747567653656
0.9732255935668945
0.9863247275352478
0.9833805561065674
0.9910287857055664
0.9836177825927734
0.9823195934295654
0.9445377588272095
0.9508489966392517
0.98591548204422
0.9911878705024719
0.5325852036476135
0.9874608516693115
0.9883630275726318
0.8150081634521484
0.49621790647506714
0.9588199257850647
0.9910610914230347
0.8240519165992737
0.848601758480072
0.23174157738685608
0.989591658115387
0.613404393196106
0.9846423864364624
0.670807421207428
0.5991764068603516
0.6337863802909851
0.9942693710327148
0.989749014377594
0.6049896478652954
0.6550548672676086
0.6724386215209961
0.9818041920661926
0.6740649342536926
0.9526088833808899
0.9278579354286194
0.9928057789802551
0.9800692796707153
0.5901808738708496
0.7627416253089905
0.9801784157752991
0.9661181569099426
0.9897916913032532
0.6526785492897034
0.9905030131340027
0.9859611392021179
0.9804727435112
0.9816076159477234
0.9804077744483948
0.9360028505325317
0.9818570017814636
0.9675881862640381
0.9651376605033875
0.7505518794059753
0.9859418869018555
0.9564489126205444
0.5534095168113708
0.9878577589988708
0.5809845924377441
0.9825560450553894
0.9711769223213196
0.9878787398338318
0.9741042852401733
0.9878624677658081
0.7829046845436096
0.9622641801834106
0.9710145592689514
0.9578413963317871
0.7111597061157227
0.9778728485107422
0.9628506302833557
0.9816958904266357
0.9848538637161255
0.8719298243522644
0.9746053218841553
0.9900743961334229
0.8938212394714355
0.6737561225891113
0.988215446472168
0.9896777868270874
0.9769391417503357
0.8205689787864685
0.9834343791007996
0.9925926327705383
0.9809801578521729
0.9855700135231018
0.9754098057746887
0.6947529911994934
0.8073005080223083
0.9863739609718323
0.8549946546554565
0.9833418130874634
0.9819621443748474
0.9851337671279907
0.9502328038215637
0.9878154993057251
0.8302370309829712
0.9274873733520508
0.6287959814071655
0.8541841506958008
0.992169201374054
0.9728526473045349
0.9439801573753357
0.9488983154296875
0.8788158893585205
0.9858096241950989
0.8473495841026306
0.9872449636459351
0.9865178465843201
0.7542213797569275
0.9912064671516418
0.44559919834136963
0.8123214244842529
0.9683446288108826
0.4350614547729492
0.7117281556129456
0.9918209314346313
0.6172922849655151
0.599780261516571
0.5579196214675903
0.9888690114021301
0.9703108072280884
0.9471186995506287
0.8918128609657288
0.9902912974357605
0.8476190567016602
0.7138069272041321
0.8372660875320435
0.33732718229293823
0.990899920463562
0.8912645578384399
0.9908137321472168
0.9841688275337219
0.6598607897758484
0.9812925457954407
0.9831293821334839
0.9923253655433655
0.9900332093238831
0.8475362062454224
0.2566564679145813
0.9855538010597229
0.6693174242973328
0.9865743517875671
0.8798574209213257
0.6710893511772156
0.9487179517745972
0.5234493017196655
0.8166388869285583
0.9720410108566284
0.9838908910751343
0.9951378107070923
0.9849372506141663
0.9794090986251831
0.8357186913490295
0.9903886914253235
0.9835323691368103
0.9829942584037781
0.8046298623085022
0.9832231998443604
0.9813242554664612
0.983435869216919
0.992094874382019
0.6750074625015259
0.9902152419090271
0.9943059682846069
0.9892301559448242
0.94017094373703
0.9941194653511047
0.3852013051509857
0.9786877632141113
0.984973669052124
0.983693540096283
0.8298565745353699
0.9854406118392944
0.5960152745246887
0.9573198556900024
0.9858112335205078
0.9753867983818054
0.9876543283462524
0.5800182223320007
0.44400396943092346
0.9900875091552734
0.9719361066818237
0.9894828796386719
0.9854401350021362
0.9836289882659912
0.9726883769035339
0.8293589353561401
0.9878869652748108
0.9859614968299866
0.9817887544631958
0.8151688575744629
0.9937060475349426
0.9709665775299072
0.6687639951705933
0.9895052313804626
0.9757733941078186
0.9853049516677856
0.9839416742324829
0.0887063667178154
0.9864810109138489
0.9887187480926514
0.9518290758132935
0.9893909692764282
0.9767441749572754
0.9839416146278381
0.9621883034706116
0.9909706115722656
0.88228440284729
0.9909706711769104
0.9780420660972595
0.9781144857406616
0.9841914176940918
0.9854779243469238
0.8299912810325623
0.9930922389030457
0.8043795228004456
0.5884403586387634
0.9826629161834717
0.9823182821273804
0.9890955686569214
0.990121603012085
0.33228182792663574
0.9874942302703857
0.9891007542610168
0.98777174949646
0.9816921949386597
0.8169803619384766
0.9923469424247742
0.9539749622344971
0.823108971118927
0.5608974099159241
0.860640287399292
0.9736564755439758
0.9877913594245911
0.6867051720619202
0.9888671040534973
0.9839781522750854
0.9902151823043823
0.9912309050559998
0.9802555441856384
0.9758713245391846
0.842255175113678
0.9670131206512451
0.7226173281669617
0.9871355295181274
0.985567033290863
0.686956524848938
0.9815497994422913
0.9839063882827759
0.9942769408226013
0.9852024912834167
0.9935615062713623
0.9882771372795105
0.6594392657279968
0.9276425242424011
0.9149338603019714
0.985822319984436
0.9756625294685364
0.9802744388580322
0.8623376488685608
0.6288097500801086
0.975071907043457
0.69923996925354
0.9804657101631165
0.9888383746147156
0.9907529354095459
0.9872843623161316
0.9846153855323792
0.4689083397388458
0.8385527729988098
0.982206404209137
0.8413792848587036
0.6526381969451904
0.9810901284217834
0.9923246502876282
0.9870129823684692
0.9900279641151428
0.8914243578910828
0.9921010732650757
0.9160243272781372
0.9770290851593018
0.8159412741661072
0.9841437935829163
0.9887459874153137
0.986666738986969
0.937471866607666
0.9833753108978271
0.9832858443260193
0.9850351810455322
0.8469861149787903
0.9860240817070007
0.6807421445846558
0.6695728302001953
0.9755300879478455
0.9764532446861267
0.9390624761581421
0.9878517389297485
0.6238908171653748
0.929816722869873
