0.6615384221076965
0.9715089797973633
0.9913899302482605
0.9886831641197205
0.9837508797645569
0.9850124716758728
0.86073899269104
0.9692110419273376
0.97808438539505
0.8852600455284119
0.8277325630187988
0.9814125895500183
0.9367190003395081
0.9876129627227783
0.9843882918357849
0.8517006635665894
0.9883913397789001
0.8968891501426697
0.8723994493484497
0.8442105054855347
0.9865370392799377
0.9822294116020203
0.4541618525981903
0.9843597412109375
0.973059892654419
0.8210213780403137
0.923137903213501
0.9827315807342529
0.5237179398536682
0.9902189373970032
0.7857453227043152
0.9850393533706665
0.8003060221672058
0.9836867451667786
0.9839056134223938
0.6321243643760681
0.859331488609314
0.9743857979774475
0.9847908616065979
0.6978417038917542
0.9811010360717773
0.6039076447486877
0.6849662065505981
0.9733424782752991
0.9534150958061218
0.984783411026001
0.6829408407211304
0.3352850377559662
0.9904305934906006
0.5973217487335205
0.8531624674797058
0.9843899607658386
0.9821587800979614
0.9878191947937012
0.9298546314239502
0.9763899445533752
0.8437990546226501
0.8097043037414551
0.9886104464530945
0.8389319777488708
0.903954803943634
0.8811699748039246
0.9484536051750183
0.7920193076133728
0.9851095080375671
0.8939288258552551
0.9486780166625977
0.9473684430122375
0.9777562618255615
0.762436032295227
0.9877390265464783
0.9909583926200867
0.9611307382583618
0.5271104574203491
0.8405977487564087
0.836554229259491
0.9896615743637085
0.9730099439620972
0.981227457523346
0.9777299165725708
0.8377124667167664
0.9753223657608032
0.6783249378204346
0.9780675768852234
0.985382616519928
0.9853624105453491
0.5302209258079529
0.7173373103141785
0.5682257413864136
0.9822006821632385
0.971517026424408
0.8724600076675415
0.9309982657432556
0.6356807351112366
0.8372226357460022
0.9237128496170044
0.9839062690734863
0.5489566326141357
0.8388017416000366
0.9825401902198792
0.9910854697227478
0.8960074186325073
0.9949856996536255
0.9895724654197693
0.9871382117271423
0.9324634671211243
0.6044642329216003
0.7453213930130005
0.5934444665908813
0.9881704449653625
0.8463203310966492
0.8155482411384583
0.947753369808197
0.7610229253768921
0.9875173568725586
0.9438870549201965
0.34616976976394653
0.9922621250152588
0.996687114238739
0.9805194735527039
0.9829996228218079
0.9880722761154175
0.7008954882621765
0.9904631972312927
0.9857291579246521
0.9636918902397156
0.7412213683128357
0.7088224291801453
0.7448763251304626
0.8972830176353455
0.050884000957012177
0.6778745055198669
0.9810945391654968
0.8123745322227478
0.34468936920166016
0.9708869457244873
0.6492307186126709
0.9494267702102661
0.9412144422531128
0.9939345121383667
0.9683661460876465
0.9607610106468201
0.7110633850097656
0.7551738023757935
0.9680750966072083
0.9235624074935913
0.9430769085884094
0.9947090148925781
0.6711758971214294
0.7409307360649109
0.8309071063995361
0.9870477914810181
0.8963117599487305
0.9908873438835144
0.8496849536895752
0.9792531132698059
0.05232929438352585
0.990314781665802
0.9917423129081726
0.9793645739555359
0.9766705632209778
0.9880028367042542
0.8476482629776001
0.8053545951843262
0.7107943296432495
0.8079925179481506
0.9879603385925293
0.9920212626457214
0.9811953902244568
0.9407216310501099
0.9803109169006348
0.8666490316390991
0.9803921580314636
0.6772422194480896
0.9836887717247009
0.7139706015586853
0.9746724963188171
0.9609841704368591
0.980926513671875
0.9886841177940369
0.989535391330719
0.7378259301185608
0.9357169270515442
0.9569194912910461
0.9877685904502869
0.6805622577667236
0.9780833125114441
0.6889886260032654
0.9814503192901611
0.6004390716552734
0.7395225167274475
0.9742589592933655
0.9825757741928101
0.9842270612716675
0.8867362141609192
0.9856345057487488
0.9786388874053955
0.9735219478607178
0.7244898080825806
0.9853464961051941
0.7600000500679016
0.712055504322052
0.9884392619132996
0.7895460724830627
0.8433354496955872
0.7397260069847107
0.9866757392883301
0.23389023542404175
0.8131068348884583
0.9930555820465088
0.9843165874481201
0.8681849241256714
0.9347216486930847
0.9893465638160706
0.859134316444397
0.8973047137260437
0.2524074912071228
0.980406641960144
0.5815279483795166
0.9884297251701355
0.0
0.9868311882019043
0.985473096370697
0.8194782733917236
0.6733787655830383
0.9143659472465515
0.9320740103721619
0.98591548204422
0.9662108421325684
0.9876819849014282
0.987808883190155
0.9799228310585022
0.9600575566291809
0.9888994693756104
0.8556744456291199
0.9292237758636475
0.6348733305931091
0.7616624236106873
0.9949719309806824
0.9843902587890625
0.7124528288841248
0.9886765480041504
0.9836065173149109
0.7698386311531067
0.9735274910926819
0.8399209380149841
0.7256637215614319
0.989258885383606
0.9794907569885254
0.9776315093040466
0.8503419756889343
0.9917615652084351
0.0
0.9875483512878418
0.8095465302467346
0.7410765290260315
0.8859441876411438
0.9862141609191895
0.34487733244895935
0.8337420225143433
0.6244979500770569
0.6313440799713135
0.9812164306640625
0.9850586652755737
0.8867639899253845
0.9220513105392456
0.9868280291557312
0.8158819079399109
0.9904901385307312
0.9862326979637146
0.9834933280944824
0.9793375134468079
0.6024096012115479
0.9889435172080994
0.9923558831214905
0.5794721245765686
0.8066971302032471
0.6120606660842896
0.9706247448921204
0.9024055600166321
0.9862005114555359
0.983877956867218
0.9820908308029175
0.9917423129081726
0.42100098729133606
0.9756916165351868
0.879699170589447
0.9849179983139038
0.8860911726951599
0.9849246740341187
0.9832495450973511
0.7990161776542664
0.6985294222831726
0.9788066148757935
0.9879904389381409
0.9441527724266052
0.9831775426864624
0.9881677627563477
0.8316295742988586
0.5900673866271973
0.9899932742118835
0.8333333134651184
0.8436816930770874
0.971405565738678
0.9464944005012512
0.8636047840118408
0.9830252528190613
0.8743764162063599
0.6454487442970276
0.9860419034957886
0.935251772403717
0.9902336001396179
0.5945405960083008
0.9836887717247009
0.9863441586494446
0.8906881809234619
0.8812834024429321
0.9489712119102478
0.9895138144493103
0.9893474578857422
0.9884848594665527
0.9420703053474426
0.9834771156311035
0.9691428542137146
0.9792880415916443
0.8081507086753845
0.9926199316978455
0.704049825668335
0.5388818383216858
0.42142024636268616
0.9640102386474609
0.98568195104599
0.8605672717094421
0.7690014839172363
0.9824560880661011
0.850699782371521
0.9844904541969299
0.9908168911933899
0.9886471033096313
0.9903287887573242
0.7671886086463928
0.9865393042564392
0.981918215751648
0.9827710390090942
0.987428605556488
0.4234577417373657
0.9794097542762756
0.9803186058998108
0.9451411366462708
0.9782723784446716
0.9853877425193787
0.9030526876449585
0.980705201625824
0.48977988958358765
0.5461429357528687
0.9770992994308472
0.9472203254699707
0.960074245929718
0.6454389095306396
0.4878048896789551
0.35164833068847656
0.6187450885772705
0.9538567662239075
0.9796934127807617
0.9304220676422119
0.983196496963501
0.9652294516563416
0.7435387969017029
0.9847787618637085
0.6289845705032349
0.9912621378898621
0.9881516098976135
0.9162122011184692
0.9143708348274231
0.8624688982963562
0.3706047832965851
0.964398980140686
0.8293269276618958
0.8169860243797302
0.9940064549446106
0.9904857277870178
0.9909729361534119
0.8029085397720337
0.0
0.9801886677742004
0.9876543283462524
0.9874088764190674
0.9767921566963196
0.9882798194885254
0.8667805194854736
0.9925311207771301
0.8782022595405579
0.9894199967384338
0.9726259112358093
0.9771862626075745
0.8346642851829529
0.841644823551178
0.9839627742767334
0.5449852347373962
0.9814726710319519
0.9926931262016296
0.955807626247406
0.9718614816665649
0.9420750737190247
0.9766355752944946
0.6112077832221985
0.9672447443008423
0.7954151034355164
0.9818028211593628
0.9826198220252991
0.427109956741333
0.9435588121414185
0.9055318832397461
0.9829018115997314
0.8997971415519714
0.5702680945396423
0.9829487800598145
0.8147777915000916
0.9928282499313354
0.9410949349403381
0.8445595502853394
0.5913357734680176
0.5224208235740662
0.9911671876907349
0.9763883352279663
0.8031620979309082
0.9876543283462524
0.9856669902801514
0.7087542414665222
0.6713193655014038
0.9406192898750305
0.9767441153526306
0.9873161315917969
0.8562329411506653
0.9230145812034607
0.7199612259864807
0.9857820272445679
0.801777184009552
0.9095127582550049
0.4535446763038635
0.9896700978279114
0.988063633441925
0.9882903695106506
0.9115334153175354
0.9872307181358337
0.9519200325012207
0.9700775742530823
0.6253849267959595
0.9853689670562744
0.970822274684906
0.7534246444702148
0.29181498289108276
0.9667425751686096
0.9813084602355957
0.9833571314811707
0.9449458718299866
0.852076530456543
0.976371705532074
0.769761860370636
0.8660382628440857
0.9832904934883118
0.3876587748527527
0.9771726727485657
0.4673139452934265
0.9816544651985168
0.9795478582382202
0.569248378276825
0.7922948002815247
0.9914820194244385
0.9797665476799011
0.9731903672218323
0.8923919796943665
0.9849950075149536
0.5914673805236816
0.98555588722229
0.9639497995376587
0.8147865533828735
0.9773755669593811
0.9854936599731445
0.9881361722946167
0.9589614272117615
0.9864642024040222
0.7643454074859619
0.6002971529960632
0.6593567132949829
0.9885628819465637
0.7573696374893188
0.9626769423484802
0.9845864176750183
0.9864182472229004
0.9916054606437683
0.6628571152687073
0.569976270198822
0.9893119931221008
0.9697224497795105
0.9918308258056641
0.8239148259162903
0.9870290756225586
0.966342568397522
0.8030122518539429
0.9762712121009827
0.17772860825061798
0.9971638917922974
0.9867630004882812
0.9679097533226013
0.6027874946594238
0.8287441730499268
0.8770685195922852
0.9851528406143188
0.6284734010696411
0.9573826789855957
0.7646856307983398
0.8159140348434448
0.8477829098701477
0.5704917907714844
0.9151515364646912
0.9873418211936951
0.9865717887878418
0.8070175051689148
0.6530359983444214
0.9532389640808105
0.5775099992752075
0.9833478927612305
0.9916049242019653
0.9885154962539673
0.8690242171287537
0.991532564163208
0.9884738922119141
0.9783549308776855
0.9762679934501648
0.9574375152587891
0.9855189323425293
0.9776285886764526
0.8673139214515686
0.8663793206214905
0.9639133810997009
0.9751037359237671
0.9450549483299255
0.9733759164810181
0.235883429646492
0.6390804052352905
0.8396161794662476
0.9766653180122375
0.7047762870788574
0.9908466935157776
0.9822933673858643
0.9100817441940308
0.9511798024177551
0.8796467185020447
0.37137871980667114
0.8523489236831665
0.9676214456558228
0.9775242805480957
0.9643053412437439
0.9890032410621643
0.8892632126808167
0.9886887073516846
0.5082706809043884
0.7585127353668213
0.6601365804672241
0.9862738847732544
0.9861682057380676
0.9869110584259033
0.9876319169998169
0.984863817691803
0.985496461391449
0.9879717826843262
0.9906396865844727
0.9868238568305969
0.98417067527771
0.818207859992981
0.9918919205665588
0.7563338279724121
0.940397322177887
0.863365113735199
0.6117549538612366
0.9825436472892761
0.7981545925140381
0.7995944023132324
0.9798879027366638
0.9823423027992249
0.9285949468612671
0.9921091198921204
0.9829129576683044
0.9852631688117981
0.7221763730049133
0.6703406572341919
0.7204262614250183
0.9024630784988403
0.9512953758239746
0.9847094416618347
0.7429331541061401
0.8931531310081482
0.8513237833976746
0.8953351378440857
0.8147856593132019
0.9696552157402039
0.9863014221191406
0.7447490096092224
0.9873997569084167
0.7529691457748413
0.9767692685127258
0.8811233043670654
0.9871612191200256
0.97730952501297
0.771809458732605
0.8814980387687683
0.9737991094589233
0.9165266156196594
0.5275482535362244
0.5886550545692444
0.5265377759933472
0.9883580803871155
0.9932489991188049
0.9671584963798523
0.984578013420105
0.02651515230536461
0.7580443024635315
0.9878760576248169
0.9867270588874817
0.985714316368103
0.9866352677345276
0.9850057363510132
0.9730185270309448
0.9752954244613647
0.9239416122436523
0.9783509969711304
0.9811320304870605
0.9869565367698669
0.04514991119503975
0.8557047247886658
0.869596540927887
0.9968051314353943
0.9713562726974487
0.990039050579071
0.846441924571991
0.9745042324066162
0.9688698649406433
0.7972561120986938
0.991585373878479
0.8483003377914429
0.9913099408149719
0.9919871687889099
0.8402309417724609
0.9771324992179871
0.9887562990188599
0.782892107963562
0.989526629447937
0.7953450679779053
0.9814741611480713
0.9943364858627319
0.6049192547798157
0.9568867087364197
0.9912158846855164
0.85539710521698
0.9875776171684265
0.984441339969635
0.8399878144264221
0.7998520135879517
0.2660146653652191
0.6757201552391052
0.8164748549461365
0.8595041632652283
0.9903382062911987
0.9750402569770813
0.9699321389198303
0.9897059798240662
0.9100604057312012
0.970820426940918
0.9298085570335388
0.6710526347160339
0.9913793206214905
0.9596468806266785
0.9915966987609863
0.9139999747276306
0.9610123634338379
0.1988716572523117
0.9642857313156128
0.9205681681632996
0.9313929080963135
0.9831755757331848
0.7927170395851135
0.9407229423522949
0.9554476737976074
0.9905857443809509
0.6812585592269897
0.9917595982551575
0.9567531943321228
0.9852464199066162
0.9900082349777222
0.972122311592102
0.2722400724887848
0.9775812029838562
0.979790985584259
0.9714030623435974
0.904424786567688
0.7110710740089417
0.9869416356086731
0.8154373168945312
0.8790658712387085
0.7800911068916321
0.929122269153595
0.7470930814743042
0.9691482186317444
0.9852034449577332
0.540772557258606
0.7793696522712708
0.4635932445526123
0.9928571581840515
0.6673067212104797
0.7755835056304932
0.9809321761131287
0.9847878217697144
0.9900917410850525
0.986344575881958
0.24164950847625732
0.9778105616569519
0.9726206064224243
0.8420743942260742
0.9921935796737671
0.9393004775047302
0.6603475213050842
0.7367458939552307
0.9792429208755493
0.9770800471305847
0.8369070887565613
0.960106372833252
0.9369966387748718
0.9925124645233154
0.9749279618263245
0.5508247017860413
0.5112624168395996
0.9912649393081665
0.9849557280540466
0.7385210394859314
0.8139610886573792
0.9884716272354126
0.7676161527633667
0.7730816602706909
0.8446601629257202
0.5295858383178711
0.6449312567710876
0.6915535926818848
0.9733173847198486
0.8910354971885681
0.9268523454666138
0.9798327684402466
0.9718507528305054
0.9845947623252869
0.946107804775238
0.9730983376502991
0.9739747047424316
0.9787233471870422
0.9892472624778748
0.985555112361908
0.08088234812021255
0.9920746088027954
0.9858793616294861
0.4383105933666229
0.9861888885498047
0.9824432730674744
0.9653270244598389
0.45764049887657166
0.7217981219291687
0.8975867629051208
0.9296066761016846
0.9920822978019714
0.988279402256012
0.9720021486282349
0.8710445761680603
0.9180171489715576
0.9875754714012146
0.9665762782096863
0.8736073970794678
0.9795374274253845
0.9814432859420776
0.8756624460220337
0.8432108163833618
0.03844393417239189
0.9903536438941956
0.8837803602218628
0.9842180609703064
0.9749720096588135
0.6005620360374451
0.9848706722259521
0.9783089756965637
0.9809558391571045
0.9881423115730286
0.7849724888801575
0.98348468542099
0.9834254384040833
0.9863972067832947
0.9839385151863098
0.8435196876525879
0.711808443069458
0.6791613698005676
0.5966183543205261
0.884738028049469
0.9919210076332092
0.9747327566146851
0.8749494552612305
0.9841535687446594
0.9866666793823242
0.9884793162345886
0.9833054542541504
0.9901589751243591
0.8329492807388306
0.7129700779914856
0.9869158864021301
0.9880539178848267
0.9756603240966797
0.7657762765884399
0.982968270778656
0.9854838848114014
0.6867825984954834
0.9940475821495056
0.9865424036979675
0.9695121645927429
0.8908098340034485
0.9708222150802612
0.8154042363166809
0.9828571081161499
0.9865853786468506
0.9905425310134888
0.31418752670288086
0.9759229421615601
0.9083135724067688
0.801112711429596
0.7117182016372681
0.9829025864601135
0.9887892007827759
0.987261176109314
0.9840839505195618
0.7519236207008362
0.9834495186805725
0.6807563900947571
0.9826589822769165
0.5662074685096741
0.7394289374351501
0.9792919158935547
0.9858635663986206
0.7485591173171997
0.9883928894996643
0.9669711589813232
0.9106348156929016
0.8302520513534546
0.5660377144813538
0.9858746528625488
0.7064973711967468
0.8036792278289795
0.9832402467727661
0.9766647815704346
0.8578264713287354
0.8569473624229431
0.9931915402412415
0.9733059406280518
0.0
0.8515337705612183
0.989109992980957
0.7670837640762329
0.8269429802894592
0.9555555582046509
0.9836321473121643
0.9668174386024475
0.6394558548927307
0.6277850270271301
0.9844789505004883
0.9786521792411804
0.6930134296417236
0.6551824808120728
0.987960934638977
0.9739910364151001
0.6859721541404724
0.7839335203170776
0.9339718818664551
0.9803921580314636
0.9659234285354614
0.9442598819732666
0.9857781529426575
0.9882084131240845
0.7084827423095703
0.992348849773407
0.7501146197319031
0.9914098381996155
0.9159291982650757
0.9769483804702759
0.4690296947956085
0.978500247001648
0.9851822257041931
0.8764678239822388
0.6586387753486633
0.9879341125488281
0.9846483469009399
0.987270176410675
0.8186793327331543
0.6398390531539917
0.9841578006744385
0.9846938848495483
0.9024756550788879
0.9824923276901245
0.9838709831237793
0.7167710661888123
0.9791573882102966
0.9602320194244385
0.6871722936630249
0.992996096611023
0.9111469388008118
0.9451878070831299
0.5566484928131104
0.7321370244026184
0.7197525501251221
0.9832050800323486
0.8789275288581848
0.636904776096344
0.9114832878112793
0.9468995928764343
0.64613276720047
0.965925931930542
0.9756097197532654
0.48739492893218994
0.9878295660018921
0.8066667318344116
0.9820908308029175
0.5771006345748901
0.8635672926902771
0.8408026695251465
0.749899685382843
0.9539255499839783
0.865816056728363
0.8809946775436401
0.9126925468444824
0.9903660416603088
0.9071217179298401
0.990800678730011
0.9943289160728455
0.8282520174980164
0.9556203484535217
0.9888124465942383
0.6899951100349426
0.9891473054885864
0.05284738168120384
0.9817739725112915
0.856613039970398
0.843947172164917
0.9684209823608398
0.9090029001235962
0.9044309258460999
0.9773855209350586
0.7863340377807617
0.7966406941413879
0.5721555948257446
0.817850649356842
0.9795640707015991
0.9820408225059509
0.9843038320541382
0.9319371581077576
0.9834539890289307
0.9597935080528259
0.6606485843658447
0.9876092672348022
0.9846701622009277
0.989981472492218
0.9823293089866638
0.974932849407196
0.9898014068603516
0.93172687292099
0.521475076675415
0.970321536064148
0.8684732913970947
0.9088462591171265
0.9754194021224976
0.8389241099357605
0.9554044008255005
0.982517421245575
0.9902912974357605
0.8682606816291809
0.9920494556427002
0.7302274703979492
0.9797767996788025
0.7450019717216492
0.8444444537162781
0.33543941378593445
0.9885993599891663
0.9868369102478027
0.3589353561401367
0.9845414161682129
0.8610687255859375
0.981875479221344
0.19935919344425201
0.9801470637321472
0.8706860542297363
0.978022038936615
0.9150595664978027
0.9812889695167542
0.6716910004615784
0.9668685793876648
0.989311933517456
0.9806914925575256
0.9908939599990845
0.9799692034721375
0.9841815829277039
0.9653614163398743
0.9415492415428162
0.975965678691864
0.9734114408493042
0.9941133260726929
0.9914615750312805
0.9781659245491028
0.8086522817611694
0.9917032718658447
0.9918592572212219
0.8963052034378052
0.553947925567627
0.8081917762756348
0.666901171207428
0.6473916172981262
0.5250535607337952
0.9617021083831787
0.7324088215827942
0.8777895569801331
0.9739195704460144
0.9830758571624756
0.9910884499549866
0.9650121331214905
0.4663461744785309
0.5561440587043762
0.9875081777572632
0.9887374043464661
0.9850079417228699
0.8294550776481628
0.9585171937942505
0.9938938617706299
0.8642063736915588
0.9026315808296204
0.9894647002220154
0.36387011408805847
0.9920053482055664
0.9856202006340027
0.9866392612457275
0.8754842281341553
0.9856262803077698
0.8317580223083496
0.9876543283462524
0.9843593835830688
0.3318112790584564
0.991774320602417
0.9895376563072205
0.38036224246025085
0.9451420903205872
0.7839465141296387
0.9336143136024475
0.9778403043746948
0.6528890132904053
0.9885455965995789
0.9863908290863037
0.9824274778366089
0.6441256403923035
0.9807106256484985
0.9807761907577515
0.9760900139808655
0.9229249358177185
0.5740249752998352
0.9874864816665649
0.987926185131073
0.021677127107977867
0.5222088694572449
0.9477521777153015
0.9658119678497314
0.5066941380500793
0.754906952381134
0.9830648899078369
0.9002895951271057
0.9837623238563538
0.9717957377433777
0.9371503591537476
0.8566710352897644
0.9942938685417175
0.9429038166999817
0.7889595627784729
0.6781940460205078
0.9796371459960938
0.9404682517051697
0.9781990647315979
0.9839381575584412
0.7691601514816284
0.9781836271286011
0.9687340259552002
0.8042553067207336
0.8041319251060486
0.9815337061882019
0.9882478713989258
0.9860835075378418
0.8415868282318115
0.9031184315681458
0.9051204919815063
0.7733333110809326
0.9562398791313171
0.9871912002563477
0.9770680665969849
0.813144326210022
0.8411333560943604
0.9883527159690857
0.9547299146652222
0.8120930194854736
0.6714719533920288
0.9793152213096619
0.9845575094223022
0.9598689675331116
0.9838099479675293
0.983590304851532
0.9771463871002197
0.9483352303504944
0.9820953011512756
0.9862586259841919
0.9801762104034424
0.9738667011260986
0.780053436756134
0.9789028763771057
0.8323609232902527
0.7949573397636414
0.8897795677185059
0.9876890778541565
0.5936519503593445
0.8083801865577698
0.940403163433075
0.9805375337600708
0.603230357170105
0.9202321171760559
0.977873682975769
0.9679773449897766
0.9788764119148254
0.9883407950401306
0.96373450756073
0.9251176118850708
0.8402523994445801
0.9863452911376953
0.9862475395202637
0.5731167197227478
0.9752293825149536
0.9144954085350037
0.9499072432518005
0.9594505429267883
0.9846917390823364
0.7954958081245422
0.9903303980827332
0.5454545617103577
0.9843872785568237
0.8600925207138062
0.9135174751281738
0.9761193990707397
0.9769625067710876
0.9576625227928162
0.9725589752197266
0.9835729002952576
0.9805659651756287
0.9764577746391296
0.9736486673355103
0.5313341021537781
0.6440154314041138
0.27268925309181213
0.8248847723007202
0.990291178226471
0.6640591025352478
0.978335976600647
0.9845117926597595
0.2998798191547394
0.9861325025558472
0.966887354850769
0.5673009157180786
0.9782278537750244
0.8907132148742676
0.9780316352844238
0.9934681057929993
0.7913756966590881
0.9865884780883789
0.9747172594070435
0.9786885380744934
0.8430749773979187
0.967501699924469
0.7463054656982422
0.9865469932556152
0.4159919023513794
0.9774078130722046
0.8765077590942383
0.9766252636909485
0.9537879228591919
0.9887640476226807
0.7800501585006714
0.9799351692199707
0.9763113260269165
0.6145923137664795
0.9622047543525696
0.9863657355308533
0.5481072664260864
0.988339364528656
0.8127102851867676
0.9798750281333923
0.6041755080223083
0.9726576209068298
0.7225716710090637
0.9800323843955994
0.9811018109321594
0.9846363663673401
0.8916788101196289
0.9881008863449097
0.7015558481216431
0.9858989119529724
0.603674590587616
0.9869254231452942
0.6856088638305664
0.9392945170402527
0.9856828451156616
0.8917018175125122
0.9159664511680603
0.8094449043273926
0.9907248616218567
0.9876846671104431
0.9871965050697327
0.969072163105011
0.9781376719474792
0.8972457647323608
0.9843920469284058
0.9002724885940552
0.9790964126586914
0.8091285824775696
0.9920242428779602
0.9873249530792236
0.9803312420845032
0.9875993132591248
0.8552486300468445
0.9430285096168518
0.9708617925643921
0.9810218214988708
0.9896755814552307
0.665017306804657
0.9830508828163147
0.7058823704719543
0.9453989267349243
0.8354591727256775
0.768591582775116
0.9764481782913208
0.17543859779834747
0.9818679690361023
0.9832887053489685
0.9892899394035339
0.6782872080802917
0.7506933212280273
0.944080650806427
0.9780885577201843
0.7868471741676331
0.9862101674079895
0.9636860489845276
0.8445819616317749
0.9398419260978699
0.9830508232116699
0.9839457869529724
0.9898610711097717
0.9853300452232361
0.9822826981544495
0.9447089433670044
0.8308051228523254
0.8552436828613281
0.8732513785362244
0.9850435256958008
0.9897064566612244
0.8407225012779236
0.0
0.9897436499595642
0.7306469082832336
0.9931363463401794
0.9833972454071045
0.9449049234390259
0.9520201683044434
0.7218522429466248
0.9806663393974304
0.8935633301734924
0.9925445914268494
0.5238736271858215
0.5038480758666992
0.9895724654197693
0.827309250831604
0.9351851344108582
0.5933441519737244
0.8036254048347473
0.990314781665802
0.9531914591789246
0.9942197203636169
0.9808974266052246
0.9442699551582336
0.9059158563613892
0.9777227640151978
0.9871043562889099
0.6480151414871216
0.9916986227035522
0.9666793942451477
0.7806691527366638
0.46204227209091187
0.9663113951683044
0.9128697514533997
0.9725363850593567
0.9862821698188782
0.989258348941803
0.9637943506240845
0.8113430142402649
0.910687267780304
0.7905759215354919
0.914893627166748
0.7866752743721008
0.9793053269386292
0.9780367612838745
0.7459086775779724
0.9820172190666199
0.8911814093589783
0.8195363879203796
0.6954436302185059
0.9940688610076904
0.9487555623054504
0.978817343711853
0.9830647706985474
0.9672131538391113
0.9770270586013794
0.9858914613723755
0.992914080619812
0.9766730666160583
0.23000523447990417
0.9860317707061768
0.830734133720398
0.9669852256774902
0.9620253443717957
0.990990936756134
0.8964482545852661
0.7685554027557373
0.9061685800552368
0.8184791803359985
0.8651721477508545
0.9934526681900024
0.9314128756523132
0.9850746393203735
0.6996726989746094
0.8563772439956665
0.5556768774986267
0.9916409850120544
0.14826256036758423
0.7662380933761597
0.9845108389854431
0.760242223739624
0.8266978859901428
0.983282208442688
0.988893449306488
0.6844172477722168
0.9363697171211243
0.806541383266449
0.9615533947944641
0.9841269254684448
0.4579007923603058
0.9916453957557678
0.967986524105072
0.9785295724868774
0.9879517555236816
0.9326794147491455
0.9812239408493042
0.9912046194076538
0.983596920967102
0.5579959154129028
0.9858108162879944
0.5676814913749695
0.9736449718475342
0.9895600080490112
0.9838135838508606
0.8301210403442383
0.9834710955619812
0.4750337302684784
0.9064998626708984
0.9763193726539612
0.6954545378684998
0.6769745349884033
0.9591315388679504
0.4206540286540985
0.9797571301460266
0.9087030291557312
0.9832117557525635
0.9831066727638245
0.8791821599006653
0.983421802520752
0.6293229460716248
0.8294652104377747
0.9884845614433289
0.8359375596046448
0.9882269501686096
0.750582754611969
0.9712816476821899
0.7767605185508728
0.9712696671485901
0.9772176146507263
0.916746973991394
0.9873528480529785
0.9822353720664978
0.6771441698074341
0.6638054251670837
0.988477349281311
0.8138068318367004
0.9801121950149536
0.7762466669082642
0.7975673675537109
0.9893491268157959
0.9761388897895813
0.9421841502189636
0.9370693564414978
0.7125710844993591
0.9935802817344666
0.9641719460487366
0.9422888159751892
0.9863117933273315
0.7627718448638916
0.9777953624725342
0.9823771715164185
0.9839181303977966
0.9903017282485962
0.5636523365974426
0.7306791543960571
0.9935317039489746
0.9738166928291321
0.9838564991950989
0.9751494526863098
0.9886229634284973
0.6251060366630554
0.8142600655555725
0.8739991784095764
0.9685658812522888
0.8649789094924927
0.9788401126861572
0.9848901033401489
0.5988562107086182
0.8498702049255371
0.986812174320221
0.839275598526001
0.9156521558761597
0.9847328066825867
0.9051094055175781
0.9839416146278381
0.939312219619751
0.9817671775817871
0.9054505228996277
0.960470974445343
0.7081776261329651
0.684622585773468
0.9876161217689514
0.9850746393203735
0.9562681913375854
0.981426477432251
0.3369300365447998
0.9856064915657043
0.8615071177482605
0.9797934293746948
0.9052935838699341
0.8451313972473145
0.8174931406974792
0.8157567977905273
0.9827868938446045
0.6704204082489014
0.736942708492279
0.9882276058197021
0.8721480965614319
0.9769068956375122
0.8409321904182434
0.9723576903343201
0.8565517067909241
0.9777947664260864
0.7081790566444397
0.9844213724136353
0.8219674229621887
0.6754098534584045
0.9651122689247131
0.9918032884597778
0.8016877770423889
0.7693789601325989
0.9046594500541687
0.9222010970115662
0.017341040074825287
0.9588688611984253
0.973129391670227
0.8415164947509766
0.9263865351676941
0.9849041104316711
0.7603080868721008
0.9573959112167358
0.9737635254859924
0.9875173568725586
0.5684995651245117
0.9199614524841309
0.9896222949028015
0.9870339632034302
0.5188241004943848
0.9605263471603394
0.6260053515434265
0.9904685616493225
0.9812607169151306
0.7798195481300354
0.7984246611595154
0.9801934361457825
0.9747692346572876
0.7119691371917725
0.744278609752655
0.5131878852844238
0.9872448444366455
0.9857993721961975
0.1872272938489914
0.5378648638725281
0.9768785834312439
0.8481450080871582
0.9602150917053223
0.8688067197799683
0.98778235912323
0.5742765069007874
0.9804895520210266
0.9820408225059509
0.9783810973167419
0.8818408846855164
0.9892362952232361
0.9853076338768005
0.9856967926025391
0.38704028725624084
0.4340909421443939
0.9810964465141296
0.6587677597999573
0.9834436774253845
0.9190031290054321
0.9742690324783325
0.976076602935791
0.35930338501930237
0.615445613861084
0.9849129319190979
0.9840621948242188
0.9883466362953186
0.8116196990013123
0.9871031045913696
0.8300395011901855
0.9736495614051819
0.8183745741844177
0.9764485955238342
0.9832585453987122
0.9903202056884766
0.9882951378822327
0.5935436487197876
0.9843104481697083
0.991712749004364
0.9840637445449829
0.9909470677375793
0.9516924023628235
0.9887192249298096
0.6168705821037292
0.9840516448020935
0.9690887928009033
0.8421404361724854
0.9929999709129333
0.9884105920791626
0.9905604124069214
0.8313080668449402
0.9830097556114197
0.987991988658905
0.9744338989257812
0.6498422622680664
0.9896324276924133
0.9371801018714905
0.8443272113800049
0.9847425222396851
0.9898989796638489
0.9834436774253845
0.9766730666160583
0.9834651350975037
0.7002593874931335
0.7757256031036377
0.9878095984458923
0.9818840622901917
0.9318773150444031
0.8878591656684875
0.9683566689491272
0.3158853054046631
0.906133770942688
0.8180610537528992
0.8164676427841187
0.8031999468803406
0.31100332736968994
0.8777430057525635
0.9457236528396606
0.9835035800933838
0.7851110696792603
0.9441200494766235
0.9789829850196838
0.643310010433197
0.9780701994895935
0.9905362725257874
0.9070774912834167
0.5291479825973511
0.9822881817817688
0.8483479022979736
0.9914596080780029
0.9746478796005249
0.9238754510879517
0.9855371713638306
0.5762711763381958
0.9146268963813782
0.960500955581665
0.610837459564209
0.9898989796638489
0.9817196726799011
0.9706757068634033
0.9869588017463684
0.9840617179870605
0.9825857281684875
0.9873418211936951
0.9864768385887146
0.8391703367233276
0.9820254445075989
0.9807609915733337
0.9452593922615051
0.9847071170806885
0.985354483127594
0.7966597080230713
0.7675102949142456
0.7811400890350342
0.6515598893165588
0.7593543529510498
0.9822564721107483
0.9885361790657043
0.752953290939331
0.9285714030265808
0.853570282459259
0.9700639247894287
0.9477825164794922
0.81640625
0.8441391587257385
0.990459680557251
0.9871897101402283
0.9779005646705627
0.9880647659301758
0.9881119132041931
0.45757701992988586
0.6066686511039734
0.024296676740050316
0.8472372889518738
0.35399162769317627
0.9493287801742554
0.7847462892532349
0.9764434099197388
0.9915140271186829
0.7888235449790955
0.6883885860443115
0.9869470596313477
0.8667032122612
0.5897920727729797
0.8093058466911316
0.9828971028327942
0.959032416343689
0.9014901518821716
0.9822708368301392
0.9731957912445068
0.9851301312446594
0.7788546681404114
0.9850639700889587
0.6559931039810181
0.981580913066864
0.6846182346343994
0.8209836483001709
0.9811165928840637
0.9814907312393188
0.35426145792007446
0.49514007568359375
0.555555522441864
0.9822877645492554
0.647162139415741
0.9881255030632019
0.668730616569519
0.9511110186576843
0.9527868628501892
0.709134578704834
0.982997477054596
0.9426860809326172
0.9635316729545593
0.9581776857376099
0.9822207689285278
0.9263336062431335
0.8237577676773071
0.8538745641708374
0.975476861000061
0.9908321499824524
0.7515923380851746
0.26859116554260254
0.7931034564971924
0.9361522197723389
0.9919614195823669
0.9867393970489502
0.9711613059043884
0.9917269349098206
0.7961385846138
0.9872449636459351
0.981356680393219
0.7126436829566956
0.6240237951278687
0.5926844477653503
0.8085255026817322
0.5992130637168884
0.9726812839508057
0.26043736934661865
0.8469126224517822
0.9792767763137817
0.9795918464660645
0.974933385848999
0.8088406324386597
0.9879693388938904
0.9854294061660767
0.9804877638816833
0.9694766998291016
0.9870549440383911
0.9612788558006287
0.615035891532898
0.9677996635437012
0.7184466123580933
0.9934579133987427
0.9183040261268616
0.6708415150642395
0.9855793714523315
0.9667303562164307
0.8674989938735962
0.9882659912109375
0.9915763735771179
0.9864020347595215
0.7033398747444153
0.8184366226196289
0.7769903540611267
0.829488217830658
0.54020094871521
0.36855238676071167
0.9756254553794861
0.8430930972099304
0.9927272796630859
0.9839096069335938
0.9885433316230774
0.9868996143341064
0.9729323387145996
0.9023290872573853
0.9816083312034607
0.9070185422897339
0.7462686896324158
0.9901185631752014
0.8159574270248413
0.8018242120742798
0.9909173250198364
0.840263843536377
0.9834437966346741
0.9900990128517151
0.9893373847007751
0.9761634469032288
0.9882887005805969
0.7182260751724243
0.992943525314331
0.7288135290145874
0.9569786787033081
0.9905871748924255
0.6629026532173157
0.6681942939758301
0.8418230414390564
0.9845299124717712
0.48368796706199646
0.9822241067886353
0.916597843170166
0.9927302002906799
0.9115017056465149
0.9741567969322205
0.9880260229110718
0.978848934173584
0.8491619825363159
0.9702098965644836
0.976764976978302
0.7335827946662903
0.9861809015274048
0.514080286026001
0.9912697672843933
0.9728944897651672
0.8425806164741516
0.988675594329834
0.7856886982917786
0.8144227266311646
0.988044798374176
0.9413870573043823
0.9757623076438904
0.9663950800895691
0.9891355633735657
0.8480880856513977
0.9889336228370667
0.750872790813446
0.9485665559768677
0.8733879923820496
0.5495668649673462
0.8995376229286194
0.8500000238418579
0.9378684759140015
0.9765939712524414
0.8622338175773621
0.9897688627243042
0.98483806848526
0.990913450717926
0.8822745680809021
0.8023715615272522
0.5902851223945618
0.7420080900192261
0.9919224977493286
0.9680590033531189
0.9052541255950928
0.9938977956771851
0.9582328796386719
0.9880794882774353
0.9223125576972961
0.8802649974822998
0.9769452214241028
0.6612213253974915
0.7292348146438599
0.6451612710952759
0.8079516887664795
0.7990127205848694
0.9763657450675964
0.985895574092865
0.6923370361328125
0.9781152606010437
0.6727089285850525
0.9562943577766418
0.6165664196014404
0.9675270915031433
0.7418453097343445
0.9479166865348816
0.9738059043884277
0.9767233729362488
0.9829268455505371
0.9811321496963501
0.9516483545303345
0.9733614921569824
0.977698564529419
0.9736741185188293
0.2387923151254654
0.9877575635910034
0.6315459609031677
0.9792060852050781
0.9535518884658813
0.5410934686660767
0.7874345183372498
0.8885350227355957
0.9863924980163574
0.9841570854187012
0.6691176295280457
0.7274124622344971
0.9941059947013855
0.9218422770500183
0.7639751434326172
0.92088383436203
0.8365325331687927
0.7427075505256653
0.9757826328277588
0.8897338509559631
0.8978723883628845
0.9864518642425537
0.9856160283088684
0.9649986028671265
0.9704271554946899
0.971683144569397
0.8933649063110352
0.9087779521942139
0.8225558996200562
0.7961810231208801
0.810196042060852
0.9829384088516235
0.7168458700180054
0.2847246527671814
0.5868433713912964
0.9617811441421509
0.9766677618026733
0.9801061153411865
0.9769623875617981
0.9739893078804016
0.9768549799919128
0.986021876335144
0.9842555522918701
0.9447310566902161
0.8356204628944397
0.793749988079071
0.880344569683075
0.9773382544517517
0.5835893154144287
0.75063157081604
0.9936947822570801
0.8486259579658508
0.9698451161384583
0.9531087279319763
0.5800073146820068
0.8989413380622864
0.7934008240699768
0.9832985401153564
0.4388349652290344
0.8050903677940369
0.9873417615890503
0.9858564734458923
0.975696861743927
0.7128404974937439
0.9888219833374023
0.8713069558143616
0.8815134763717651
0.978790283203125
0.5316627025604248
0.774263858795166
0.9848628640174866
0.9821782112121582
0.9851452112197876
0.9381598830223083
0.9805518388748169
0.9617083668708801
0.7332987785339355
0.981879472732544
0.9865689277648926
0.8335450887680054
0.9709003567695618
0.8167330026626587
0.7471834421157837
0.9552238583564758
0.9845923185348511
0.9409850239753723
0.693270206451416
0.8026906251907349
0.7364498972892761
0.4782816171646118
0.665217399597168
0.9824163317680359
0.9711751937866211
0.9854227304458618
0.9888392686843872
0.9708946943283081
0.9835846424102783
0.5840546488761902
0.9726938009262085
0.7880049347877502
0.6757703423500061
0.9061197638511658
0.9792860150337219
0.9741087555885315
0.9912975430488586
0.744926393032074
0.709583044052124
0.9862174391746521
0.9824260473251343
0.9887420535087585
0.9649595618247986
0.9800738096237183
0.9866666793823242
0.985382616519928
0.9938650727272034
0.7198492288589478
0.9873964786529541
0.5280373692512512
0.9811475276947021
0.9246704578399658
0.9775784611701965
0.9633821249008179
0.9878472089767456
0.8311147689819336
0.6853582262992859
0.9811738133430481
0.7030597925186157
0.8093457818031311
0.9837313890457153
0.7923797369003296
0.9809759855270386
0.9913846850395203
0.7996254563331604
0.9643152952194214
0.9690166115760803
0.7963936924934387
0.7935565710067749
0.7417009472846985
0.9836179614067078
0.9761772155761719
0.8703703880310059
0.9899837970733643
0.8155940175056458
0.978865385055542
0.6971793174743652
0.7545753121376038
0.8638350963592529
0.9852941036224365
0.9846354722976685
0.9470486044883728
0.9579157829284668
0.8377723693847656
0.6342639923095703
0.9778117537498474
0.8781470656394958
0.9339831471443176
0.9076305627822876
0.7996695041656494
0.9484873414039612
0.8502642512321472
0.9848987460136414
0.9885339736938477
0.9948613047599792
0.9147540926933289
0.9854147434234619
0.9717418551445007
0.9807437658309937
0.9869488477706909
0.9893567562103271
0.7680798172950745
0.9262623190879822
0.9868853092193604
0.8331756591796875
0.9730587005615234
0.9908031821250916
0.9843478202819824
0.8215734362602234
0.8813852667808533
0.937447190284729
0.9767242074012756
0.7765741348266602
0.7278531193733215
0.8529734015464783
0.8824223875999451
0.9906407594680786
0.9513513445854187
0.6810644268989563
0.8096160888671875
0.7001620531082153
0.9878008365631104
0.9868955612182617
0.7629407048225403
0.7900455594062805
0.988335132598877
0.9502418637275696
0.981992781162262
0.5778174996376038
0.6916508078575134
0.46066349744796753
0.7350287437438965
0.4380382001399994
0.4218316376209259
0.7726130485534668
0.8753514289855957
0.8388501405715942
0.9855172634124756
0.9845889806747437
0.8462929129600525
0.6282973885536194
0.8218895196914673
0.6849710941314697
0.9881196022033691
0.9869472980499268
0.60326087474823
0.9801125526428223
0.628503680229187
0.9748954176902771
0.9798099398612976
0.9835923910140991
0.8583137392997742
0.8017727732658386
0.8176237344741821
0.8675078749656677
0.8140072822570801
0.8264748454093933
0.9769260287284851
0.9784735441207886
0.9545249938964844
0.7759519219398499
0.987799346446991
0.9533417820930481
0.9848739504814148
0.9753559827804565
0.8764805197715759
0.843789279460907
0.9755511283874512
0.5830285549163818
0.813147246837616
0.9783783555030823
0.9855379462242126
0.9902912378311157
0.532335638999939
0.9860613346099854
0.9763582944869995
0.9497557878494263
0.9900497794151306
0.9823623299598694
0.8922284245491028
0.9842888712882996
0.981426477432251
0.5704441070556641
0.7128273248672485
0.7502634525299072
0.6325792074203491
0.39183318614959717
0.7697463035583496
0.9894022941589355
0.6878980994224548
0.9741976261138916
0.9709089994430542
0.9830948710441589
0.7613469958305359
0.9844632744789124
0.8267562389373779
0.9635830521583557
0.9741349816322327
0.977105438709259
0.9212218523025513
0.8439503908157349
0.9765797257423401
0.5403921604156494
0.8166601657867432
0.9781152606010437
0.8405517935752869
0.9693741798400879
0.9959404468536377
0.9114960432052612
0.9487179517745972
0.9943288564682007
0.8401623964309692
0.9888792634010315
0.7317939400672913
0.9782723784446716
0.9705120921134949
0.8584070801734924
0.6747809052467346
0.580780565738678
0.9788678884506226
0.9899383187294006
0.8614409565925598
0.9363868236541748
0.8315829634666443
0.9846714735031128
0.8064192533493042
0.41902196407318115
0.9510112404823303
0.8868966102600098
0.9822275042533875
0.983160138130188
0.0
0.9045848846435547
0.9779653549194336
0.734711766242981
0.9889527559280396
0.8934929966926575
0.9870624542236328
0.6077308654785156
0.8297655582427979
0.9266054630279541
0.8007782101631165
0.9229583740234375
0.6461724042892456
0.9448233246803284
0.5916134715080261
0.9868272542953491
0.3959548771381378
0.8840969800949097
0.9864920377731323
0.9794496297836304
0.984356164932251
0.9185941815376282
0.993567943572998
0.9880545735359192
0.9795140624046326
0.9829281568527222
0.9777317047119141
0.9805699586868286
0.9467162489891052
0.9858012199401855
0.9464213252067566
0.9625561237335205
0.9794608354568481
0.9832026958465576
0.913327157497406
0.8115450143814087
0.8505634665489197
0.9874739646911621
0.6886792182922363
0.9882258176803589
0.5067100524902344
0.6912442445755005
0.9831144213676453
0.8099111914634705
0.9862672090530396
0.8637577891349792
0.9694002270698547
0.9637064933776855
0.7654237151145935
0.9828374981880188
0.9932118654251099
0.8194574117660522
0.8737413287162781
0.5810243487358093
0.9563699960708618
0.9774682521820068
0.9575757384300232
0.8671473264694214
0.9678898453712463
0.9723756909370422
0.9903498291969299
0.7370166182518005
0.9895089268684387
0.9642146825790405
0.9892833828926086
0.800000011920929
0.9748972654342651
0.9862923622131348
0.9838882684707642
0.9876644611358643
0.9818181991577148
0.9130250811576843
0.6770350933074951
0.9759690165519714
0.9836848974227905
0.7902208566665649
0.8868013024330139
0.9805195331573486
0.9651935696601868
0.9462528824806213
0.9902279376983643
0.9763501286506653
0.9708446264266968
0.8613945245742798
0.9592111110687256
0.9841151833534241
0.9105691313743591
0.8668602705001831
0.9131252765655518
0.9911591410636902
0.9887106418609619
0.9792231321334839
0.6285330057144165
0.9923051595687866
0.962002694606781
0.4887488782405853
0.9892271757125854
0.6338862776756287
0.972114622592926
0.9231927394866943
0.97444087266922
0.7541971802711487
0.9299474358558655
0.8477206230163574
0.7876588106155396
0.9897059798240662
0.9556382894515991
0.9889386892318726
0.9834913611412048
0.7085769772529602
0.45594123005867004
0.9829457402229309
0.952913761138916
0.5718401074409485
0.5725699067115784
0.42715486884117126
0.9446274042129517
0.9771689772605896
0.8506039381027222
0.9815212488174438
0.9554096460342407
0.9666919112205505
0.9791303873062134
0.9832512736320496
0.9737080335617065
0.976433277130127
0.9865202307701111
0.9763379096984863
0.9865292310714722
0.9872509241104126
0.851985514163971
0.9840335845947266
0.9665427207946777
0.988893449306488
0.971300482749939
0.9689049124717712
0.9643527269363403
0.5189743638038635
0.9767441749572754
0.82574462890625
0.738732099533081
0.9773551225662231
0.8453865051269531
0.9063085913658142
0.9888623356819153
0.818392276763916
0.8329195380210876
0.9876053929328918
0.8593060374259949
0.8157542943954468
0.9860798716545105
0.6744017004966736
0.6485294103622437
0.9158586263656616
0.9815497994422913
0.9838055968284607
0.6124535202980042
0.9869565367698669
0.986842155456543
0.9883833527565002
0.9908027648925781
0.7021214962005615
0.972258985042572
0.9207011461257935
0.9899516105651855
0.9608302712440491
0.9833226799964905
0.9537436962127686
0.8565513491630554
0.9918279647827148
0.9654654264450073
0.957446813583374
0.5399673581123352
0.9645113945007324
0.9871684908866882
0.9913630485534668
0.8394300937652588
0.9792874455451965
0.3543705642223358
0.6748251914978027
0.960212230682373
0.19744959473609924
0.9920070767402649
0.9842756390571594
0.9804053902626038
0.8806489109992981
0.825337290763855
0.9921259880065918
0.9830645322799683
0.9832240343093872
0.9857867956161499
0.86753249168396
0.1510341465473175
0.9890820980072021
0.9882733225822449
0.6480565071105957
0.9925062656402588
0.9880325198173523
0.9784502387046814
0.9841060042381287
0.7919762134552002
0.987911581993103
0.6248492002487183
0.9693454504013062
0.9714285731315613
0.648293137550354
0.5936073064804077
0.9414997696876526
0.9745354056358337
0.9606674313545227
0.9874348044395447
0.8624362945556641
0.98068767786026
0.8107382655143738
0.7407129406929016
0.7483920454978943
0.8679245114326477
0.8827215433120728
0.9855988025665283
0.5243388414382935
0.9573333263397217
0.8633344769477844
0.9491406679153442
0.7931873798370361
0.765794038772583
0.861768364906311
0.9049389362335205
0.989082932472229
0.9838590621948242
0.9908833503723145
0.9901478290557861
0.9754253625869751
0.9203822612762451
0.7797020077705383
0.759932816028595
0.6742338538169861
0.8667382001876831
0.9759129881858826
0.9802769422531128
0.9573974609375
0.8562610149383545
0.5935607552528381
0.8769772052764893
0.9702672362327576
0.9839391112327576
0.976992666721344
0.9025606513023376
0.989230751991272
0.8267716765403748
0.9521830081939697
0.9439728260040283
0.8326388597488403
0.973321795463562
0.731406569480896
0.8849694132804871
0.9788258075714111
0.9910045266151428
0.9042645692825317
0.982647180557251
0.9905838370323181
0.9544604420661926
0.9866191148757935
0.9717050790786743
0.9362174272537231
0.9758259654045105
0.702838659286499
0.9905062913894653
0.989533007144928
0.9835293889045715
0.9775525331497192
0.818152904510498
0.3301115334033966
0.5868571400642395
0.969824492931366
0.5742495656013489
0.9805722236633301
0.9818971157073975
0.969072163105011
0.9876089692115784
0.8381282687187195
0.7504363059997559
0.7621533274650574
0.9538222551345825
0.8215734362602234
0.7926728129386902
0.9457221627235413
0.9701217412948608
0.9814876914024353
0.9638328552246094
0.9899963140487671
0.9873600602149963
0.5726653933525085
0.9596301317214966
0.9766102433204651
0.8638036251068115
0.8844349980354309
0.9837802648544312
0.8460596203804016
0.6517412662506104
0.9855492115020752
0.9852558374404907
0.9534127712249756
0.9782233238220215
0.9697743654251099
0.7355893850326538
0.9775474667549133
0.8790534138679504
0.991221010684967
0.4636363685131073
0.9746889472007751
0.6736587285995483
0.6807899475097656
0.682170569896698
0.7386323809623718
0.9653401374816895
0.9156845211982727
0.9528183937072754
0.9785745739936829
0.9298003315925598
0.6983783841133118
0.9756795763969421
0.9762575030326843
0.9851078987121582
0.7801758646965027
0.9799929261207581
0.9795426726341248
0.9792099595069885
0.9818360209465027
0.6869328618049622
0.45005491375923157
0.9885151386260986
0.9915492534637451
0.9859506487846375
0.9808459281921387
0.9862385392189026
0.9388646483421326
0.9355657696723938
0.713939368724823
0.9725144505500793
0.6124469637870789
0.9415042400360107
0.9860752820968628
0.9361241459846497
0.9839485883712769
0.9874895215034485
0.644474983215332
0.9595619440078735
0.8657647967338562
0.9914966821670532
0.9607842564582825
0.5427394509315491
0.66038578748703
0.8030018210411072
0.9691177010536194
0.9887369275093079
0.9805693030357361
0.9885057806968689
0.7397375702857971
0.9831238389015198
0.36477988958358765
0.5744104981422424
0.9876543283462524
0.9328537583351135
0.9628933668136597
0.9851973652839661
0.9772171974182129
0.629686713218689
0.9689213633537292
0.9828850030899048
0.9928230047225952
0.9833654761314392
0.9909600019454956
0.729411780834198
0.501702606678009
0.8316659331321716
0.9475333094596863
0.8041325807571411
0.9851887226104736
0.9912433624267578
0.9924432635307312
0.9301170706748962
0.981174647808075
0.9782105088233948
0.9733569622039795
0.6422584652900696
0.9832444787025452
0.9837567210197449
0.5737775564193726
0.9875665903091431
0.9934545755386353
0.7250092029571533
0.9860896468162537
0.985049843788147
0.9844961762428284
0.9482249021530151
0.9970958232879639
0.546630322933197
0.981907069683075
0.7803558111190796
0.987726092338562
0.4143854081630707
0.33647289872169495
0.944444477558136
0.9671546816825867
0.6200762391090393
0.8056842684745789
0.8074712753295898
0.9848484992980957
0.9832841753959656
0.9332451820373535
0.8249497413635254
0.8426501154899597
0.9426621198654175
0.9895498752593994
0.9880358576774597
0.5159268975257874
0.984375
0.8383035063743591
0.9807061553001404
0.5510948896408081
0.9915472865104675
0.9734233021736145
0.3089161515235901
0.5574828386306763
0.968056321144104
0.6277108788490295
0.9760059118270874
0.8042831420898438
0.6092254519462585
0.9867452383041382
0.9888097643852234
0.9885203838348389
0.6934911608695984
0.7073667049407959
0.6754966974258423
0.9604316353797913
0.9900110960006714
0.977746844291687
0.6185852885246277
0.6191446185112
0.6039642691612244
0.9863563776016235
0.9837691783905029
0.9782007932662964
0.5760420560836792
0.9860997796058655
0.9922747015953064
0.9940048456192017
0.4988235533237457
0.9872307181358337
0.6772710680961609
0.9936677813529968
0.9723134636878967
0.993630588054657
0.9886271357536316
0.9809914827346802
0.7464554309844971
0.9892836809158325
0.9642301797866821
0.9796783328056335
0.9447444677352905
0.9882628917694092
0.9198658466339111
0.8762721419334412
0.9878711700439453
0.9794957041740417
0.9763033390045166
0.9165911078453064
0.9875291585922241
0.8678343892097473
0.9880325794219971
0.9835964441299438
0.9814373850822449
0.6710280179977417
0.9891425967216492
0.9421756863594055
0.9918572902679443
0.9897557497024536
0.7893174290657043
0.9756097197532654
0.9768637418746948
0.7627711296081543
0.960841178894043
0.8595641851425171
0.9811193943023682
0.9614604711532593
0.9832448363304138
0.8335046172142029
0.8663865327835083
0.5743623971939087
0.8125701546669006
0.6075387597084045
0.2915600836277008
0.8053058981895447
0.9802839756011963
0.979782223701477
0.9614291191101074
0.965913712978363
0.9313517808914185
0.9098107814788818
0.8070175647735596
0.5645429491996765
0.9147449135780334
0.8266236782073975
0.9851455092430115
0.98724764585495
0.9414893388748169
0.8250804543495178
0.8331780433654785
0.9879226684570312
0.9037177562713623
0.9717241525650024
0.9801377654075623
0.8528679013252258
0.5370531678199768
0.8200709819793701
0.9553623795509338
0.986244797706604
0.9672316908836365
0.9324278235435486
0.9788434505462646
0.8242542147636414
0.9875652194023132
0.6112934947013855
0.4514942467212677
0.8329113125801086
0.9803264737129211
0.9898682832717896
0.7944651246070862
0.9825708270072937
0.9834951758384705
0.6759510636329651
0.7608047127723694
0.9807692170143127
0.6029654145240784
0.9865078330039978
0.9055876731872559
0.7795555591583252
0.9843652844429016
0.8023983836174011
0.73911452293396
0.9415456652641296
0.9797570705413818
0.9710806012153625
0.9829351902008057
0.5109677314758301
0.9850287437438965
0.9367660880088806
0.6173228621482849
0.8529145121574402
0.5939573049545288
0.8839728832244873
0.9846154451370239
0.9894842505455017
0.9812108278274536
0.30884650349617004
0.9903225898742676
0.9719298481941223
0.9861212372779846
0.8413586616516113
0.5602338910102844
0.8395140767097473
0.923137903213501
0.9745397567749023
0.946539580821991
0.9631901383399963
0.9853420257568359
0.8802124857902527
0.984941840171814
0.6642934083938599
0.9584335684776306
0.9699453711509705
0.9840579628944397
0.7415805459022522
0.5499328374862671
0.846846878528595
0.9890795350074768
0.9898792505264282
0.6730833053588867
0.9240427017211914
0.9864706993103027
0.8475307822227478
0.732221245765686
0.5166666507720947
0.9848606586456299
0.617218554019928
0.9825479984283447
0.6562605500221252
0.9895786046981812
0.7840505242347717
0.9909652471542358
0.8876834511756897
0.9070277810096741
0.9151014089584351
0.8136548399925232
0.8519982695579529
0.9799426198005676
0.6595226526260376
0.960343062877655
0.963996410369873
0.9833770990371704
0.8290598392486572
0.5413222908973694
0.806910514831543
0.9580644965171814
0.8464498519897461
0.866696834564209
0.7543983459472656
0.6064942479133606
0.9784722328186035
0.8932100534439087
0.9815999865531921
0.8004885911941528
0.9801821112632751
0.9791666865348816
0.7836160063743591
0.9803921580314636
0.83620685338974
0.8973581194877625
0.5527558922767639
0.9860748648643494
0.6797791719436646
0.9797512888908386
0.9644013047218323
0.9828801155090332
0.8457960486412048
0.9855363965034485
0.7852298617362976
0.8643923997879028
0.981324315071106
0.9563155770301819
0.5423940420150757
0.9774436354637146
0.9867807626724243
0.9782445430755615
0.9876018762588501
0.9885286688804626
0.9746053218841553
0.9605318307876587
0.9652003049850464
0.7609531283378601
0.904743492603302
0.9868338108062744
0.965025007724762
0.8271286487579346
0.9850383996963501
0.993019163608551
0.9826632142066956
0.9847494959831238
0.8690752387046814
0.7485380172729492
0.8095036149024963
0.9875141382217407
0.8600216507911682
0.9827760457992554
0.9623655676841736
0.6032998561859131
0.9435897469520569
0.9895287752151489
0.8468056917190552
0.9867872595787048
0.8212677240371704
0.8552743196487427
0.9374306201934814
0.9656096696853638
0.8718390464782715
0.9300971031188965
0.8788158893585205
0.9882550239562988
0.8249185681343079
0.9855072498321533
0.9887850284576416
0.7498831152915955
0.9158111214637756
0.6689751148223877
0.8130601644515991
0.7407407164573669
0.4051724374294281
0.792439877986908
0.8930376768112183
0.9890939593315125
0.6655246019363403
0.6066597104072571
0.7998557090759277
0.9414617419242859
0.5719154477119446
0.6160188317298889
0.9885260462760925
0.8473763465881348
0.8801137804985046
0.6980356574058533
0.29797980189323425
0.990899920463562
0.9122266173362732
0.36029911041259766
0.8195819854736328
0.543522298336029
0.975234866142273
0.983084499835968
0.9930928349494934
0.9895238280296326
0.7638888955116272
0.7342889308929443
0.9829964637756348
0.8294392824172974
0.9869791865348816
0.7143869996070862
0.7080067992210388
0.5485164523124695
0.608259379863739
0.7061129212379456
0.9671052098274231
0.9387110471725464
0.9939048290252686
0.9823973774909973
0.9825034141540527
0.4788152873516083
0.9065207242965698
0.9630808234214783
0.7954545617103577
0.5853298902511597
0.7296954989433289
0.9776574969291687
0.6584323048591614
0.9848384857177734
0.7142857313156128
0.9895356893539429
0.9928775429725647
0.8741344213485718
0.795880138874054
0.9950402975082397
0.8483532667160034
0.8856707215309143
0.9864661693572998
0.9840304255485535
0.4816533029079437
0.986821711063385
0.8402234315872192
0.9742647409439087
0.98261958360672
0.6950303912162781
0.9858769774436951
0.7175406813621521
0.47493916749954224
0.9877265095710754
0.8496313691139221
0.9916556477546692
0.7798092365264893
0.9799388647079468
0.9529983401298523
0.8218158483505249
0.9838274717330933
0.987920343875885
0.9780488014221191
0.9239920377731323
0.9918398261070251
0.9739970564842224
0.9862771034240723
0.8694677948951721
0.9688321352005005
0.9774990081787109
0.9858605861663818
0.5217108726501465
0.9880707263946533
0.9834343791007996
0.9880564212799072
0.9877905249595642
0.9744167923927307
0.9865307211875916
0.9251378774642944
0.9886621236801147
0.896018922328949
0.9886792302131653
0.6400371789932251
0.9779286980628967
0.9691231846809387
0.9872225522994995
0.7123076319694519
0.9930978417396545
0.7106990814208984
0.9743252396583557
0.983787477016449
0.9146586656570435
0.9884318709373474
0.9870624542236328
0.7326583862304688
0.986617386341095
0.9904696941375732
0.8895649313926697
0.9857072234153748
0.6310502290725708
0.8978059887886047
0.9015244841575623
0.5932809114456177
0.853989839553833
0.8880711793899536
0.9653360843658447
0.9903129935264587
0.6791131496429443
0.9609164595603943
0.9824012517929077
0.8211619257926941
0.9902152419090271
0.8984771370887756
0.9711214900016785
0.8402062058448792
0.9772520661354065
0.7173601388931274
0.9900904893875122
0.6707795858383179
0.6888440847396851
0.9740584492683411
0.903553307056427
0.9934990406036377
0.9851213693618774
0.6126736402511597
0.8453692197799683
0.6917960047721863
0.7758620977401733
0.9140477180480957
0.9820585250854492
0.8402734398841858
0.9754204750061035
0.6556870937347412
0.6297131180763245
0.9753979444503784
0.6802197694778442
0.9659762978553772
0.9261630177497864
0.9900199174880981
0.9872727394104004
0.864992618560791
0.7141176462173462
0.7884737253189087
0.843585193157196
0.9667624235153198
0.9284802079200745
0.9820762276649475
0.9782372117042542
0.9859437346458435
0.9899799823760986
0.8906882405281067
0.9928853511810303
0.8613568544387817
0.9753086566925049
0.32260945439338684
0.9029454588890076
0.8160957098007202
0.8882129788398743
0.9783018827438354
0.8973173499107361
0.9816401600837708
0.9854046702384949
0.7258865833282471
0.15992647409439087
0.843174934387207
0.9643930196762085
0.7240117192268372
0.9635475873947144
0.8754071593284607
0.9878126978874207
0.6138408184051514
0.5263157486915588
