0.7922547459602356
0.7938098311424255
0.8132389187812805
0.6583128571510315
0.7625930309295654
0.8244433999061584
0.5297441482543945
0.6445613503456116
0.6571270823478699
0.6993827819824219
0.809822142124176
0.6291516423225403
0.6749337315559387
0.7636151313781738
0.8140414953231812
0.7263036370277405
0.8888454437255859
0.6676649451255798
0.6722652912139893
0.6199498176574707
0.7642470598220825
0.6405718326568604
0.8324350118637085
0.7793041467666626
0.8249040246009827
0.7054073214530945
0.8498976230621338
0.514862596988678
0.5661489367485046
0.5083873271942139
0.841611385345459
0.6164279580116272
0.6701701879501343
0.8397365808486938
0.7770203948020935
0.7105064988136292
0.46988439559936523
0.8235902786254883
0.8466483354568481
0.6631434559822083
0.573022186756134
0.7485545873641968
0.8369616270065308
0.7788772583007812
0.7846632599830627
0.8318179845809937
0.6806837916374207
0.8078016638755798
0.8634665012359619
0.7799127697944641
0.874435544013977
0.6798559427261353
0.6794219613075256
0.7697032690048218
0.7495890259742737
0.637798547744751
0.6766647100448608
0.6742309927940369
0.5062548518180847
0.578384280204773
0.5633445382118225
0.804667055606842
0.7606944441795349
0.7499720454216003
0.7488053441047668
0.8431322574615479
0.7246469259262085
0.790425717830658
0.7039483189582825
0.6962253451347351
0.8664152026176453
0.5217942595481873
0.8861613869667053
0.791496992111206
0.8727012872695923
0.6441292762756348
0.8061552047729492
0.860560953617096
0.7595762014389038
0.7266289591789246
0.7856944799423218
0.7781592011451721
0.8109567165374756
0.7274024486541748
0.7844557166099548
0.5454928874969482
0.8330594301223755
0.7859857082366943
0.8087761402130127
0.7900387048721313
0.7270522117614746
0.7210367321968079
0.8481636047363281
0.5756699442863464
0.8751118779182434
0.5684852600097656
0.5385997891426086
0.7930636405944824
0.8222082257270813
0.8297308087348938
0.8452507257461548
0.7960021495819092
0.6998425722122192
0.7471790313720703
0.5276063680648804
0.8093792200088501
0.8314842581748962
0.7754150032997131
0.6414076685905457
0.7817935347557068
0.6401910185813904
0.8049778938293457
0.7003514766693115
0.8580257296562195
0.8617141842842102
0.6037000417709351
0.7218834757804871
0.7520026564598083
0.6690739989280701
0.8081269860267639
0.7440558671951294
0.7184336185455322
0.7502608299255371
0.6027048230171204
0.7806497812271118
0.7267006635665894
0.8111491203308105
0.8421928882598877
0.6509036421775818
0.8164569735527039
0.7540056705474854
0.7182925343513489
0.8949369788169861
0.6856623888015747
0.7956071496009827
0.8164975643157959
0.6251047253608704
0.8241885304450989
0.48297441005706787
0.6419317722320557
0.8098232746124268
0.7195068597793579
0.5087363123893738
0.8306899666786194
0.7850954532623291
0.6455927491188049
0.6510142087936401
0.79551100730896
0.6281330585479736
0.8278222680091858
0.6793926358222961
0.7744829058647156
0.8511541485786438
0.8661836385726929
0.7035348415374756
0.8412104845046997
0.8405917286872864
0.5452129244804382
0.7505941987037659
0.8926730155944824
0.7695587873458862
0.9076446890830994
0.6451175212860107
0.8681357502937317
0.7813969254493713
0.8220898509025574
0.8199087381362915
0.8241090178489685
0.7415876388549805
0.721531331539154
0.7597209215164185
0.563790500164032
0.8031353950500488
0.7960231304168701
0.6821964383125305
0.9007540941238403
0.6169971823692322
0.770797848701477
0.861624538898468
0.630111038684845
0.7250521183013916
0.7774627804756165
0.8136957883834839
0.8531075716018677
0.8335363268852234
0.8677902221679688
0.8189890384674072
0.80727219581604
0.7609939575195312
0.8234192728996277
0.8414437770843506
0.5850939154624939
0.777432918548584
0.7705710530281067
0.7083935141563416
0.765941321849823
0.5499244332313538
0.8667270541191101
0.7694555521011353
0.8270647525787354
