0.8741385340690613
0.9864535927772522
0.9920196533203125
0.9881990551948547
0.9855559468269348
0.9883913397789001
0.7657342553138733
0.9733334183692932
0.9860056042671204
0.9776557683944702
0.9014642238616943
0.9851961135864258
0.931118369102478
0.990629255771637
0.9866514801979065
0.8398009538650513
0.9876238107681274
0.9022608399391174
0.9770417809486389
0.8323498964309692
0.9862504601478577
0.9758648872375488
0.971340000629425
0.984900176525116
0.9833805561065674
0.8092835545539856
0.9812524914741516
0.9827044010162354
0.8703885078430176
0.9847715497016907
0.8115419149398804
0.9878479838371277
0.989123523235321
0.9861564040184021
0.9866951107978821
0.79347825050354
0.9433587193489075
0.9793814420700073
0.7846673727035522
0.9884600043296814
0.9862124919891357
0.569981575012207
0.9734064936637878
0.9772650003433228
0.9808733463287354
0.5744349360466003
0.6818051338195801
0.3825136721134186
0.9914039969444275
0.6375077962875366
0.9900736212730408
0.9872692227363586
0.9793351888656616
0.9714974164962769
0.963814377784729
0.9877393841743469
0.9953916668891907
0.9838604927062988
0.825298547744751
0.9094305038452148
0.9609273672103882
0.5944645404815674
0.9497148990631104
0.9682642817497253
0.9857267141342163
0.6569965481758118
0.9776714444160461
0.9381443858146667
0.9835110902786255
0.9850287437438965
0.777561366558075
0.99142986536026
0.9870242476463318
0.6712683439254761
0.8146730661392212
0.9799647927284241
0.9886792898178101
0.8799110651016235
0.6097384095191956
0.9792856574058533
0.9619942307472229
0.9764185547828674
0.9617137312889099
0.9755806922912598
0.9918349385261536
0.940778374671936
0.9459130167961121
0.8162274956703186
0.9733587503433228
0.9802817702293396
0.9861023426055908
0.9780046939849854
0.9783693552017212
0.9747427701950073
0.8462867140769958
0.861457109451294
0.9853373169898987
0.5197018384933472
0.9870216846466064
0.9846258759498596
0.9895288348197937
0.6218097805976868
0.9787387847900391
0.9413055777549744
0.9816215634346008
0.9655436277389526
0.6015104055404663
0.7479608654975891
0.975782036781311
0.9854616522789001
0.9810246825218201
0.8375234603881836
0.9407244920730591
0.9671985507011414
0.9805824756622314
0.9783516526222229
0.5653257369995117
0.9628934264183044
0.9957365989685059
0.9836956262588501
0.9822975397109985
0.987730085849762
0.7779322862625122
0.9884824156761169
0.9865097999572754
0.9888083338737488
0.777376651763916
0.8227630853652954
0.982023298740387
0.9800940752029419
0.6053550839424133
0.5869957804679871
0.9816921949386597
0.9202641248703003
0.9594911932945251
0.9910221099853516
0.38283827900886536
0.9883268475532532
0.9827993512153625
0.9939492344856262
0.9673348665237427
0.8742609620094299
0.6423889398574829
0.9147527813911438
0.9864675998687744
0.9538904428482056
0.952023983001709
0.9956876039505005
0.7088916301727295
0.6411066651344299
0.9323843717575073
0.9892953038215637
0.708552896976471
0.995192289352417
0.9726443886756897
0.9853076338768005
0.6462802290916443
0.9914945363998413
0.9909316301345825
0.9797782301902771
0.9764335751533508
0.988351583480835
0.8530927896499634
0.9693801403045654
0.7666432857513428
0.6152889728546143
0.989749014377594
0.9898185133934021
0.9784221053123474
0.985575258731842
0.9892693161964417
0.8746339678764343
0.9815266728401184
0.8355986475944519
0.9895090460777283
0.8292845487594604
0.9145374298095703
0.9727653861045837
0.9599066376686096
0.6636568903923035
0.9887453317642212
0.9802110195159912
0.976017415523529
0.9707780480384827
0.9838443398475647
0.8170731663703918
0.9788883924484253
0.9834596514701843
0.9775280356407166
0.5541666746139526
0.9731113314628601
0.9798917770385742
0.9819414019584656
0.9878433346748352
0.9867878556251526
0.9852882623672485
0.9767211675643921
0.9813485741615295
0.9836184978485107
0.986138641834259
0.9446936249732971
0.7215134501457214
0.9884726405143738
0.9931610822677612
0.8352869153022766
0.6047059297561646
0.9870395660400391
0.37246620655059814
0.9487317800521851
0.9911437034606934
0.9858840703964233
0.6919888854026794
0.9874477386474609
0.989354133605957
0.9597097039222717
0.5654487609863281
0.9905927181243896
0.9748520255088806
0.5805965065956116
0.9900990128517151
0.0
0.9792013764381409
0.9873718023300171
0.8045113682746887
0.6275159120559692
0.9521228671073914
0.8880442380905151
0.9757455587387085
0.9689890742301941
0.9914529323577881
0.9907833933830261
0.9823212623596191
0.9840800166130066
0.9908488392829895
0.9300119280815125
0.9837552309036255
0.2454192042350769
0.8856778144836426
0.991417646408081
0.954954981803894
0.6452829837799072
0.9887006282806396
0.9859925508499146
0.9427180886268616
0.9765598177909851
0.7655609250068665
0.38958707451820374
0.9903433322906494
0.9813313484191895
0.9066346883773804
0.8465753197669983
0.9897879362106323
0.9931773543357849
0.9875802993774414
0.9652877449989319
0.987799346446991
0.9856708645820618
0.9894736409187317
0.5506921410560608
0.9724680185317993
0.6289101243019104
0.993318498134613
0.9883928894996643
0.9830867648124695
0.9536216259002686
0.9302563667297363
0.989712655544281
0.7045542597770691
0.9860396385192871
0.9887734055519104
0.9838461875915527
0.982189953327179
0.5759162306785583
0.9913580417633057
0.9947826266288757
0.9698769450187683
0.9815667867660522
0.6171171069145203
0.9575353860855103
0.9601362943649292
0.9839080572128296
0.981296181678772
0.9876134991645813
0.9913545250892639
0.5391538739204407
0.9743801951408386
0.8278591632843018
0.9869280457496643
0.9768271446228027
0.9834423661231995
0.9858096837997437
0.8354747295379639
0.708552896976471
0.845800518989563
0.9908037185668945
0.9410645961761475
0.9845009446144104
0.9867715239524841
0.8118329048156738
0.7246487140655518
0.9896839261054993
0.9872564077377319
0.9847273230552673
0.9050736427307129
0.772188127040863
0.9941807985305786
0.8051262497901917
0.8313883543014526
0.6447118520736694
0.9886195063591003
0.6943176984786987
0.9898219108581543
0.9850746393203735
0.9769970774650574
0.9851793646812439
0.9280633330345154
0.9493116140365601
0.9615851640701294
0.9867298603057861
0.6141051054000854
0.8972018957138062
0.9040679931640625
0.9856424331665039
0.9826807379722595
0.9806700348854065
0.8133595585823059
0.9914909601211548
0.9558011293411255
0.9419410228729248
0.94416743516922
0.6230088472366333
0.9815582036972046
0.9886202216148376
0.7758976221084595
0.9829029440879822
0.9873518347740173
0.9831006526947021
0.9865900874137878
0.9340714812278748
0.9692308306694031
0.825481116771698
0.9882863163948059
0.98036128282547
0.9852359294891357
0.9919999837875366
0.35373687744140625
0.9896622896194458
0.978484570980072
0.9706336259841919
0.98103266954422
0.9865269660949707
0.7976521849632263
0.9800929427146912
0.9758647680282593
0.5464540719985962
0.9706421494483948
0.9543712735176086
0.917789101600647
0.9586056470870972
0.9732711315155029
0.6335682272911072
0.9608713388442993
0.952380895614624
0.9879317283630371
0.9327354431152344
0.9832489490509033
0.9797875285148621
0.9215344190597534
0.9875929951667786
0.8347541093826294
0.9927007555961609
0.9775640964508057
0.9835757613182068
0.8250670433044434
0.9856565594673157
0.574678897857666
0.7927419543266296
0.9690170288085938
0.9203476309776306
0.993560254573822
0.9900298714637756
0.9933243989944458
0.9661347270011902
0.0
0.9721153974533081
0.9876203536987305
0.9907712340354919
0.9888097643852234
0.9853327870368958
0.9004997611045837
0.9912681579589844
0.7453658580780029
0.9938428401947021
0.9907375574111938
0.9795918464660645
0.8534278869628906
0.9889691472053528
0.988636314868927
0.9823400378227234
0.9814903140068054
0.9885773658752441
0.9878542423248291
0.9948453903198242
0.6628643870353699
0.984639048576355
0.8248388767242432
0.9806501269340515
0.5157124400138855
0.8115842938423157
0.9638864398002625
0.41567009687423706
0.8915115594863892
0.8364008069038391
0.9716796278953552
0.9838640093803406
0.5676328539848328
0.9798589944839478
0.6148238182067871
0.9928415417671204
0.9874088764190674
0.9905195236206055
0.7836173176765442
0.5356371998786926
0.9902607798576355
0.983311116695404
0.6976565718650818
0.9765301942825317
0.9884225130081177
0.6953617930412292
0.8170809745788574
0.9863505363464355
0.9762658476829529
0.9888776540756226
0.9786360263824463
0.9238699078559875
0.9160650372505188
0.8397246599197388
0.982995867729187
0.9740419983863831
0.4827902913093567
0.9937023520469666
0.9900989532470703
0.9877265095710754
0.7168627381324768
0.9888356924057007
0.989304780960083
0.9913169741630554
0.6348992586135864
0.9578850269317627
0.9647266268730164
0.9859007596969604
0.9704565405845642
0.9799017310142517
0.9864288568496704
0.9891764521598816
0.94532310962677
0.8551263213157654
0.9799678921699524
0.5946156978607178
0.8602272868156433
0.9851325154304504
0.8244993686676025
0.9835010766983032
0.6861891746520996
0.9858571290969849
0.9787384867668152
0.5031898021697998
0.7540703415870667
0.9908194541931152
0.9852254986763
0.9731521606445312
0.15927311778068542
0.9840531349182129
0.976908266544342
0.9869608283042908
0.985608696937561
0.7781676650047302
0.9847806692123413
0.9763340950012207
0.9900839328765869
0.9770304560661316
0.987808883190155
0.9460318088531494
0.9017544388771057
0.6984614729881287
0.8883928656578064
0.5928608179092407
0.9547650218009949
0.9824451208114624
0.9657344818115234
0.9885535836219788
0.818875789642334
0.7963917851448059
0.9906977415084839
0.9856297969818115
0.9908609986305237
0.9782307147979736
0.9898679256439209
0.9623209834098816
0.8044692277908325
0.9797296524047852
0.5984310507774353
0.9943438768386841
0.9871999621391296
0.8088160157203674
0.9864521026611328
0.9842197299003601
0.9947313666343689
0.959954559803009
0.8451794385910034
0.9862425327301025
0.9516908526420593
0.8501198887825012
0.9903661012649536
0.9806146621704102
0.9896907210350037
0.9854070544242859
0.9897798895835876
0.9876542687416077
0.843116283416748
0.9884853959083557
0.5039548277854919
0.9864569902420044
0.9876176714897156
0.9906936883926392
0.9932985901832581
0.9902830123901367
0.9862763285636902
0.9891303777694702
0.9771987199783325
0.9660214781761169
0.9832535982131958
0.9883326888084412
0.987511932849884
0.9900912046432495
0.9734513163566589
0.98123699426651
0.9700672030448914
0.5290047526359558
0.9760862588882446
0.9870204925537109
0.9872611165046692
0.97614985704422
0.7025812864303589
0.9900611639022827
0.9811951518058777
0.9868035316467285
0.9490969181060791
0.9734809398651123
0.3491446375846863
0.9404283165931702
0.9408020377159119
0.9850349426269531
0.9706840515136719
0.9900990128517151
0.9422442317008972
0.9883333444595337
0.9930603504180908
0.9833037853240967
0.31969159841537476
0.98697829246521
0.9826284050941467
0.9850552082061768
0.9909638166427612
0.9869478344917297
0.989606499671936
0.9879916906356812
0.9179686903953552
0.7161017060279846
0.9858961701393127
0.9832363724708557
0.9877772927284241
0.9619084000587463
0.9900886416435242
0.978490948677063
0.9740419983863831
0.9836228489875793
0.7671679258346558
0.811768651008606
0.98087078332901
0.9791066646575928
0.9855371117591858
0.9917415380477905
0.9788273572921753
0.9852879643440247
0.9393811225891113
0.7006236910820007
0.7046444416046143
0.9588623642921448
0.965446412563324
0.988610565662384
0.9901919364929199
0.9832401275634766
0.7584320902824402
0.9895645976066589
0.9920374155044556
0.7628458142280579
0.9908972382545471
0.9701133966445923
0.9827189445495605
0.9614314436912537
0.9658536314964294
0.6444977521896362
0.9893162250518799
0.9894651770591736
0.9790034294128418
0.9912115335464478
0.9787845611572266
0.990078330039978
0.6193671822547913
0.5886104702949524
0.6820728778839111
0.9887820482254028
0.9928541779518127
0.8595653772354126
0.9791832566261292
0.982758641242981
0.9196769595146179
0.9878978133201599
0.9896973967552185
0.9796708822250366
0.9847118258476257
0.9858509302139282
0.9739057421684265
0.9764790534973145
0.9351714253425598
0.9700045585632324
0.9956390857696533
0.9817651510238647
0.0
0.9790210127830505
0.9219363331794739
0.9971569776535034
0.8630238771438599
0.987930953502655
0.8554272651672363
0.9822596311569214
0.5469637513160706
0.9835189580917358
0.9929600954055786
0.9103976488113403
0.9900224804878235
0.9927999973297119
0.9848612546920776
0.9825961589813232
0.9891598224639893
0.9695152640342712
0.9891756772994995
0.9906541705131531
0.9857594966888428
0.9927066564559937
0.9599084258079529
0.9859901666641235
0.9921767115592957
0.9557350277900696
0.9869773387908936
0.985954999923706
0.97866290807724
0.9496509432792664
0.5084269642829895
0.9766407012939453
0.8355059027671814
0.9008604288101196
0.7481222152709961
0.9751999974250793
0.9717898368835449
0.9923049211502075
0.2559399902820587
0.9727891087532043
0.9136029481887817
0.9794279932975769
0.9899280667304993
0.9892333149909973
0.967960774898529
0.8201663494110107
0.9887332916259766
0.3197390139102936
0.9535315632820129
0.9522293210029602
0.9665071964263916
0.9816657900810242
0.9738292694091797
0.7647294402122498
0.983080267906189
0.9832636117935181
0.9883913397789001
0.9902912378311157
0.9810298085212708
0.9862517714500427
0.985892117023468
0.9764493107795715
0.6286716461181641
0.9835443496704102
0.9764216542243958
0.9781347513198853
0.9864587783813477
0.7172694802284241
0.9890411496162415
0.9871988296508789
0.9868272542953491
0.7667232155799866
0.9840776920318604
0.18270893394947052
0.9718449711799622
0.9882643222808838
0.5455590486526489
0.7127659916877747
0.8124253749847412
0.9943733811378479
0.8243038058280945
0.9413580298423767
0.9848858118057251
0.6238018870353699
0.9919414520263672
0.8809524178504944
0.9795511364936829
0.9796371459960938
0.9780077934265137
0.8126315474510193
0.9937451481819153
0.9648594856262207
0.9663285613059998
0.9470778107643127
0.9358974099159241
0.979681134223938
0.8444444537162781
0.9841164350509644
0.9784038066864014
0.8856088519096375
0.9787408113479614
0.9880630970001221
0.5678392052650452
0.8132635951042175
0.983750581741333
0.9896193742752075
0.8132449984550476
0.9896678924560547
0.8116438984870911
0.9653388857841492
0.9646751284599304
0.9825175404548645
0.8960205316543579
0.5297245383262634
0.9793487191200256
0.8916218876838684
0.9506346583366394
0.982300877571106
0.9756613373756409
0.9859625697135925
0.99207603931427
0.9800000190734863
0.9419453144073486
0.9929453730583191
0.9889299273490906
0.9832310080528259
0.5700970888137817
0.99117511510849
0.9838159680366516
0.35672134160995483
0.9899291396141052
0.9803779125213623
0.9705998301506042
0.4685792028903961
0.9785202741622925
0.9710569381713867
0.7508878707885742
0.9928910136222839
0.9846296906471252
0.8130000233650208
0.9892473816871643
0.9331463575363159
0.9868840575218201
0.9737793803215027
0.9870577454566956
0.9828118085861206
0.9814279675483704
0.6510376930236816
0.990566074848175
0.624524712562561
0.98916095495224
0.9904325008392334
0.9871612191200256
0.9634193778038025
0.987575113773346
0.9434539079666138
0.988596498966217
0.9814019203186035
0.9907894730567932
0.6528422832489014
0.9868636727333069
0.9852615594863892
0.9689587950706482
0.988153338432312
0.968453049659729
0.6714771389961243
0.7108654975891113
0.6799724698066711
0.9893442988395691
0.9910071492195129
0.8622448444366455
0.977127194404602
0.9830087423324585
0.9907010197639465
0.9915385246276855
0.9908027648925781
0.8609715104103088
0.987051784992218
0.4814814627170563
0.9770200252532959
0.9873707890510559
0.975789487361908
0.7032301425933838
0.9891260862350464
0.864677906036377
0.5648213028907776
0.9934484362602234
0.9860896468162537
0.9680365324020386
0.9929955005645752
0.9723320007324219
0.9646017551422119
0.9842441082000732
0.9866666793823242
0.9920159578323364
0.8921775817871094
0.9781798720359802
0.9750889539718628
0.17316943407058716
0.9865612983703613
0.9778129458427429
0.9899291396141052
0.9824374318122864
0.9831080436706543
0.6058917045593262
0.9799652099609375
0.7465718388557434
0.9865642786026001
0.8755817413330078
0.771701991558075
0.9708360433578491
0.9862427115440369
0.9782531261444092
0.9879302382469177
0.7595113515853882
0.9185360074043274
0.941087007522583
0.5720250606536865
0.9808318614959717
0.7472104430198669
0.6481994390487671
0.9769372344017029
0.5962219834327698
0.9881797432899475
0.9709390997886658
0.9868028163909912
0.9812091588973999
0.8761987686157227
0.9910681843757629
0.9353383183479309
0.7633221745491028
0.9897823333740234
0.6493940353393555
0.9859703779220581
0.8293435573577881
0.6385616660118103
0.631441593170166
0.9878363609313965
0.987034797668457
0.6891651153564453
0.9073576927185059
0.9856927394866943
0.9800089001655579
0.562219500541687
0.7601969242095947
0.9831480383872986
0.9800199866294861
0.9619289040565491
0.9451601505279541
0.9809021353721619
0.9870918989181519
0.9421861171722412
0.9927508234977722
0.750572144985199
0.9914098381996155
0.9771795868873596
0.9807798266410828
0.6209849715232849
0.969272255897522
0.9823293089866638
0.9774180054664612
0.9761411547660828
0.9919532537460327
0.9882268309593201
0.9924811720848083
0.9767295122146606
0.8238025903701782
0.9835430979728699
0.9886316061019897
0.9107946753501892
0.9454354643821716
0.9854344129562378
0.5046395659446716
0.9845201373100281
0.98591548204422
0.805537223815918
0.9906831383705139
0.5407624840736389
0.9622806906700134
0.5508291721343994
0.8763736486434937
0.7377812266349792
0.9853146076202393
0.7208854556083679
0.8086858987808228
0.568047285079956
0.5999999642372131
0.6808364987373352
0.8312182426452637
0.9876846671104431
0.8228155374526978
0.9883661866188049
0.9908899664878845
0.9809759855270386
0.9926267266273499
0.9489389657974243
0.9171374440193176
0.6755824089050293
0.9532099962234497
0.7398273944854736
0.9836328029632568
0.9788684248924255
0.9923174977302551
0.9851168990135193
0.9887332916259766
0.9895932078361511
0.38854071497917175
0.9835324883460999
0.9909754395484924
0.9730678796768188
0.9892252683639526
0.4362211525440216
0.9837663173675537
0.8421802520751953
0.9496955871582031
0.991253674030304
0.9942247867584229
0.7176252007484436
0.9790055155754089
0.7211440205574036
0.5607339143753052
0.9931077361106873
0.9826198220252991
0.96137934923172
0.9906237721443176
0.9852116107940674
0.9804578423500061
0.8465116024017334
0.7713997960090637
0.8248691558837891
0.9873233437538147
0.9865248203277588
0.9877459406852722
0.9836719036102295
0.7402452230453491
0.9866095781326294
0.4539078176021576
0.9897458553314209
0.9629018902778625
0.8754119873046875
0.9833815097808838
0.990551233291626
0.6813337802886963
0.6730698347091675
0.9883449673652649
0.989376425743103
0.9861751794815063
0.992098331451416
0.8251748085021973
0.9815137982368469
0.6098031997680664
0.8992583155632019
0.6382779479026794
0.9886085987091064
0.9892387390136719
0.9762071967124939
0.9835278391838074
0.9268077611923218
0.9832227826118469
0.9817900657653809
0.9592061638832092
0.9738267064094543
0.9802775979042053
0.9464952349662781
0.9632738828659058
0.9881166815757751
0.9847462773323059
0.9900266528129578
0.9866071343421936
0.9868204593658447
0.8936347961425781
0.9755600690841675
0.9642058610916138
0.9893733859062195
0.9853194952011108
0.963431179523468
0.9845361113548279
0.9909729361534119
0.8906174302101135
0.9507076144218445
0.9931773543357849
0.989254355430603
0.49563702940940857
0.9740151166915894
0.9738118052482605
0.6107673645019531
0.6889951825141907
0.750324547290802
0.6598328948020935
0.7338792681694031
0.9187383651733398
0.9774658679962158
0.9860602617263794
0.9926913976669312
0.9665457010269165
0.517110288143158
0.9894847869873047
0.9905073642730713
0.979905366897583
0.9824672937393188
0.8584446310997009
0.8563622832298279
0.9891764521598816
0.9858357310295105
0.9921544194221497
0.9890388250350952
0.7551020383834839
0.993025541305542
0.9865390658378601
0.9842078685760498
0.818815290927887
0.9864699244499207
0.789215624332428
0.9870647192001343
0.9876707792282104
0.6669291257858276
0.9863334894180298
0.9926124215126038
0.9862204790115356
0.991183876991272
0.9635534882545471
0.9910097122192383
0.9812630414962769
0.662655770778656
0.9892099499702454
0.8073878884315491
0.9869174361228943
0.6470786929130554
0.9821701645851135
0.981254518032074
0.9781293272972107
0.9755843877792358
0.5785369277000427
0.9882185459136963
0.8817541599273682
0.7612580060958862
0.9883464574813843
0.8338606953620911
0.9617744088172913
0.9655172228813171
0.9902359843254089
0.9822093844413757
0.9897299408912659
0.9822344779968262
0.9848703742027283
0.9837538599967957
0.9829059839248657
0.9946713447570801
0.9247311949729919
0.8577660918235779
0.8001308441162109
0.9907028675079346
0.9666666984558105
0.992840051651001
0.8645763993263245
0.7451343536376953
0.5384615063667297
0.9782498478889465
0.8961701989173889
0.9109194874763489
0.9858712553977966
0.985106348991394
0.9877226948738098
0.9882052540779114
0.6019818186759949
0.9391708970069885
0.6128511428833008
0.9830508828163147
0.9859410524368286
0.947543740272522
0.8239895701408386
0.9898791909217834
0.9892473220825195
0.9816940426826477
0.9269521832466125
0.7192502617835999
0.9662922024726868
0.9891751408576965
0.9893964529037476
0.9856361746788025
0.9773398637771606
0.8005865216255188
0.9787234663963318
0.9847328066825867
0.979782223701477
0.9779385328292847
0.976620614528656
0.9303571581840515
0.9802104830741882
0.8568137884140015
0.9856976866722107
0.9834741353988647
0.9828732013702393
0.6149002909660339
0.6120023727416992
0.936274528503418
0.9818856716156006
0.6043570041656494
0.9838420152664185
0.9774919152259827
0.9286927580833435
0.667868435382843
0.9879302382469177
0.9095764756202698
0.9806295037269592
0.8499587178230286
0.986443281173706
0.9931506514549255
0.9339826703071594
0.4706985652446747
0.6939078569412231
0.9601753354072571
0.9875978827476501
0.9901316165924072
0.6219257712364197
0.989533007144928
0.9491525292396545
0.9790697693824768
0.8396890759468079
0.9842643141746521
0.8171206116676331
0.978723406791687
0.9819872379302979
0.9790076613426208
0.9835729002952576
0.6870017051696777
0.9829524755477905
0.9778225421905518
0.9681780934333801
0.9767796397209167
0.9593907594680786
0.570799708366394
0.9914529323577881
0.6584723591804504
0.9742475748062134
0.9899194240570068
0.5203689336776733
0.9846058487892151
0.7644569873809814
0.5668186545372009
0.986680269241333
0.9893271327018738
0.9803063273429871
0.9919103980064392
0.6960606575012207
0.9878508448600769
0.9855548143386841
0.9696969389915466
0.9831130504608154
0.9785932898521423
0.8800384402275085
0.9857781529426575
0.3989120423793793
0.9798339605331421
0.9772726893424988
0.818718433380127
0.9665748476982117
0.9872798323631287
0.9875842332839966
0.9793947339057922
0.9875312447547913
0.6059818267822266
0.4344745874404907
0.8378087878227234
0.5243839025497437
0.9919807314872742
0.8293260335922241
0.9820690155029297
0.7480252385139465
0.9777453541755676
0.9356321692466736
0.9865518808364868
0.9770069122314453
0.98737633228302
0.9556589126586914
0.9905481934547424
0.9651493430137634
0.98525071144104
0.986906111240387
0.988669753074646
0.6854182481765747
0.9766436219215393
0.9835705757141113
0.9898989796638489
0.9907932281494141
0.7473535537719727
0.9349725842475891
0.9860883951187134
0.9915742874145508
0.9775170683860779
0.9706000685691833
0.9873272180557251
0.9873691201210022
0.9910179376602173
0.9413408041000366
0.9369469285011292
0.9912514686584473
0.9863650798797607
0.9814049601554871
0.9892063736915588
0.9863414764404297
0.7854225635528564
0.9737499952316284
0.9383059740066528
0.580550491809845
0.4597701132297516
0.9733424782752991
0.8704103827476501
0.9728025794029236
0.7312629222869873
0.9928790330886841
0.9746031761169434
0.758949875831604
0.9799250960350037
0.9864012598991394
0.9793813824653625
0.6620029211044312
0.69361412525177
0.9781659245491028
0.9943342804908752
0.976122260093689
0.9862493872642517
0.9810426235198975
0.6910739541053772
0.9856139421463013
0.953242838382721
0.9852007627487183
0.9902840256690979
0.9668599963188171
0.9810073971748352
0.9415226578712463
0.6869878768920898
0.9847550988197327
0.9750316739082336
0.986101508140564
0.9874951839447021
0.9523082971572876
0.8846651911735535
0.9864951968193054
0.9517657160758972
0.9901697635650635
0.9848484992980957
0.9847870469093323
0.985401451587677
0.9713321924209595
0.9906314015388489
0.6412405371665955
0.9912818670272827
0.41272249817848206
0.5059248208999634
0.9870129227638245
0.9809160232543945
0.9658811092376709
0.9918632507324219
0.980427086353302
0.9899558424949646
0.9683859944343567
0.9925558567047119
0.9809481501579285
0.9905776977539062
0.9572230577468872
0.9908103942871094
0.9882537126541138
0.507112979888916
0.9898284077644348
0.8980761170387268
0.8745468258857727
0.16085946559906006
0.968510627746582
0.9453093409538269
0.9913898706436157
0.8333920836448669
0.9887640476226807
0.9820841550827026
0.9649805426597595
0.7163444757461548
0.6557377576828003
0.9634350538253784
0.5493620038032532
0.9807975888252258
0.982206404209137
0.979776918888092
0.9855862855911255
0.9856669902801514
0.926881730556488
0.7411924004554749
0.9944620728492737
0.95955890417099
0.9793224334716797
0.9872480034828186
0.9712737202644348
0.9274872541427612
0.9851253628730774
0.9903169274330139
0.9770291447639465
0.5614928007125854
0.98736572265625
0.9868600368499756
0.9884443879127502
0.968865156173706
0.9918233752250671
0.9752293825149536
0.9782359600067139
0.9818621277809143
0.9892548322677612
0.642932653427124
0.9912588000297546
0.9873234629631042
0.9522481560707092
0.6932668089866638
0.9886364340782166
0.2745726406574249
0.9925340414047241
0.913705587387085
0.8995829820632935
0.989830493927002
0.8445901870727539
0.8293108344078064
0.9204465746879578
0.9812091588973999
0.9712413549423218
0.9546599388122559
0.9639706015586853
0.986923098564148
0.9877614974975586
0.5954451560974121
0.993838369846344
0.9796087741851807
0.9849574565887451
0.9889336228370667
0.9907795190811157
0.9823590517044067
0.9916158318519592
0.8207990527153015
0.5712280869483948
0.9888702034950256
0.9347646236419678
0.9826176166534424
0.9925651550292969
0.9846638441085815
0.9789719581604004
0.9845031499862671
0.48553723096847534
0.6726893782615662
0.9869695901870728
0.9839141964912415
0.7875486612319946
0.9862655401229858
0.5977482199668884
0.9801012277603149
0.9865719079971313
0.9878988265991211
0.984349250793457
0.9422144293785095
0.9682804346084595
0.9885931015014648
0.984775960445404
0.9871677756309509
0.9835271835327148
0.989712655544281
0.7192053198814392
0.9840172529220581
0.38736364245414734
0.9829562902450562
0.9818007946014404
0.9152215719223022
0.0
0.9830633401870728
0.629844069480896
0.9447765946388245
0.6330994367599487
0.6708348989486694
0.9841917753219604
0.986744225025177
0.5273279547691345
0.9897314310073853
0.9707686901092529
0.9787454605102539
0.9749535918235779
0.6131386160850525
0.9940652847290039
0.9841398596763611
0.9903107285499573
0.9763602018356323
0.9538300633430481
0.9793487191200256
0.986906111240387
0.9825327396392822
0.9766177535057068
0.9790575504302979
0.5962059497833252
0.9915966391563416
0.9604925513267517
0.9829902052879333
0.9901179671287537
0.9215468764305115
0.9724472761154175
0.8327727913856506
0.9817905426025391
0.9908168315887451
0.981876790523529
0.9737973809242249
0.9843003153800964
0.9388403296470642
0.8610653281211853
0.9936594367027283
0.8355656862258911
0.9750588536262512
0.9904122948646545
0.9482884407043457
0.8279643654823303
0.9320905804634094
0.9850467443466187
0.9820051789283752
0.6159305572509766
0.7891892194747925
0.5265651941299438
0.7920059561729431
0.971772313117981
0.9510591626167297
0.9855929017066956
0.9574050307273865
0.9853391647338867
0.9936862587928772
0.9857397675514221
0.9864463210105896
0.6728415489196777
0.972819447517395
0.8413373827934265
0.7718088030815125
0.9868173599243164
0.7136450409889221
0.9876301884651184
0.9632511734962463
0.9653220176696777
0.4622723162174225
0.9752013087272644
0.9785615801811218
0.979938268661499
0.980260968208313
0.9848541021347046
0.9584642052650452
0.9508050680160522
0.9833162426948547
0.9911684989929199
0.5422859787940979
0.8102602362632751
0.6418989300727844
0.9767910838127136
0.7474023699760437
0.9342560768127441
0.9699711799621582
0.8392131924629211
0.9864566922187805
0.9833401441574097
0.9878004193305969
0.9588910341262817
0.9861401915550232
0.8557778000831604
0.9836867451667786
0.9837285280227661
0.989665150642395
0.9891085028648376
0.9804325103759766
0.9865545630455017
0.6954450607299805
0.9936558604240417
0.9800203442573547
0.9817700386047363
0.985098659992218
0.9893469214439392
0.9757913947105408
0.9829457402229309
0.847777783870697
0.598161518573761
0.9860699772834778
0.9691670536994934
0.5591973662376404
0.5469593405723572
0.9927006959915161
0.9761722087860107
0.988624632358551
0.9705526232719421
0.9906958937644958
0.6941488981246948
0.9886846542358398
0.979674756526947
0.9866005182266235
0.7960861325263977
0.9887410402297974
0.9862005710601807
0.9841270446777344
0.7476001977920532
0.798168957233429
0.991161584854126
0.8625442981719971
0.9814200401306152
0.9189609289169312
0.989958643913269
0.9790210127830505
0.9187791347503662
0.9630805253982544
0.9876065254211426
0.984817385673523
0.9893421530723572
0.9590461254119873
0.9910802841186523
0.6088435053825378
0.9787516593933105
0.7803822159767151
0.8612152934074402
0.9841527342796326
0.9917972087860107
0.9898785948753357
0.5928362607955933
0.981787383556366
0.992077112197876
0.9870302081108093
0.9874476790428162
0.9794820547103882
0.9904322028160095
0.9448416829109192
0.9882035851478577
0.9750494956970215
0.9909555912017822
0.9702564477920532
0.9913187026977539
0.9923303723335266
0.9728801250457764
0.7611939907073975
0.9866844415664673
0.976389467716217
0.8887671232223511
0.9910504221916199
0.9773030281066895
0.9857249855995178
0.9873737692832947
0.9879018664360046
0.9942433834075928
0.9771515727043152
0.9838303923606873
0.6720827221870422
0.9841726422309875
0.9890023469924927
0.9292542934417725
0.9388803839683533
0.9578017592430115
0.9630146622657776
0.9168466329574585
0.98101806640625
0.9746281504631042
0.8113385438919067
0.6527227163314819
0.6276876926422119
0.9071832299232483
0.9552481174468994
0.986801266670227
0.9806034564971924
0.7389597296714783
0.9817444086074829
0.6325339674949646
0.9863210916519165
0.9899371266365051
0.7494407296180725
0.8714944124221802
0.8917930126190186
0.9849574565887451
0.9914596080780029
0.977070689201355
0.9882544279098511
0.9907597303390503
0.6285218596458435
0.9888888597488403
0.9520958662033081
0.6141732335090637
0.9892904162406921
0.956702470779419
0.9728352427482605
0.9714285135269165
0.9861182570457458
0.9826954007148743
0.9869924187660217
0.9869211912155151
0.6211382150650024
0.983793318271637
0.8867635726928711
0.8831169009208679
0.9870322346687317
0.9800703525543213
0.6334756016731262
0.8017595410346985
0.989640474319458
0.971466064453125
0.7393333911895752
0.9823627471923828
0.9902912974357605
0.8792943358421326
0.9888198971748352
0.9583333730697632
0.9564023017883301
0.9799861311912537
0.9795918464660645
0.834392249584198
0.9883067011833191
0.9888179898262024
0.9789954423904419
0.9859753847122192
0.989835262298584
0.9828054308891296
0.698176920413971
0.5537828207015991
0.8816213607788086
0.6592845320701599
0.9586776494979858
0.794800341129303
0.9766376614570618
0.9906708002090454
0.9139941334724426
0.9792285561561584
0.9844596982002258
0.9782178401947021
0.5621909499168396
0.7036328911781311
0.9805285930633545
0.9566237330436707
0.9890524744987488
0.9906542301177979
0.9745004177093506
0.9712983965873718
0.9836184978485107
0.987628161907196
0.6583369374275208
0.9835186004638672
0.6043784618377686
0.7131059169769287
0.984829843044281
0.9884247779846191
0.2786885201931
0.45921051502227783
0.9877581596374512
0.984987199306488
0.6447100043296814
0.6820663809776306
0.66524338722229
0.9818602800369263
0.9724957346916199
0.5799285769462585
0.9858890175819397
0.9832746386528015
0.9814994931221008
0.9535488486289978
0.9832999110221863
0.9852999448776245
0.9838038086891174
0.9849762320518494
0.9795128703117371
0.9954401254653931
0.3665671646595001
0.7894907593727112
0.9748368859291077
0.9492344856262207
0.9891870021820068
0.9867393970489502
0.9916500449180603
0.9948400259017944
0.9952606558799744
0.9919865131378174
0.9825673699378967
0.9663978219032288
0.9825835227966309
0.9680620431900024
0.8245388269424438
0.6766109466552734
0.976961612701416
0.2593144476413727
0.9484218955039978
0.9874746799468994
0.9839295148849487
0.9782493114471436
0.4910847246646881
0.9898033142089844
0.9858508706092834
0.9835606813430786
0.9849246740341187
0.9892129302024841
0.7148396372795105
0.7278196215629578
0.9910793900489807
0.9627659916877747
0.9892573356628418
0.9849733710289001
0.9899071455001831
0.6945606470108032
0.9908953309059143
0.8066560626029968
0.9896104335784912
0.9935897588729858
0.9878632426261902
0.705747127532959
0.8160347938537598
0.934126615524292
0.838640034198761
0.9833333492279053
0.533764660358429
0.9870297908782959
0.9832951426506042
0.9930282235145569
0.9890184998512268
0.9886085987091064
0.9888976812362671
0.9697657227516174
0.9056179523468018
0.9802654981613159
0.9935232996940613
0.565911591053009
0.9891732335090637
0.9655489325523376
0.9381368160247803
0.9868837594985962
0.7136421799659729
0.9900165796279907
0.9901134967803955
0.985562264919281
0.9814885258674622
0.986085057258606
0.974825918674469
0.981670081615448
0.9643987417221069
0.7852563858032227
0.9906039834022522
0.690507173538208
0.8871548175811768
0.9846153855323792
0.9896825551986694
0.7590404152870178
0.9797604084014893
0.9673659205436707
0.9939443469047546
0.9843176603317261
0.9322916865348816
0.9860497117042542
0.9900398850440979
0.8162017464637756
0.9763513803482056
0.9853788614273071
0.9858616590499878
0.9837702512741089
0.6941235661506653
0.9920822978019714
0.6473429799079895
0.9920424222946167
0.9623103141784668
0.9855192303657532
0.9181391596794128
0.9872930645942688
0.9835603833198547
0.963808000087738
0.9775739312171936
0.9933837652206421
0.9524101614952087
0.9849849343299866
0.8416019082069397
0.9813159704208374
0.9885057806968689
0.6901893615722656
0.984650731086731
0.9756286144256592
0.8573861718177795
0.9704811573028564
0.7284652590751648
0.9905195236206055
0.9870306849479675
0.988527774810791
0.8124658465385437
0.9865361452102661
0.699459433555603
0.8993069529533386
0.9912931323051453
0.960854172706604
0.9913454651832581
0.9908884167671204
0.9852024912834167
0.994027853012085
0.48988765478134155
0.9714003801345825
0.976995050907135
0.6091910600662231
0.5367624759674072
0.5887696146965027
0.5473983883857727
0.8486646413803101
0.9788216948509216
0.9877322316169739
0.9047422409057617
0.9613882899284363
0.6753246784210205
0.985528290271759
0.9478672742843628
0.9815281629562378
0.7588454484939575
0.9881235361099243
0.9754851460456848
0.980461835861206
0.9852700233459473
0.9784366488456726
0.9746742844581604
0.9803593754768372
0.9835920929908752
0.9463746547698975
0.5474731922149658
0.9889651536941528
0.6737754344940186
0.979213297367096
0.9632152318954468
0.5417989492416382
0.9845662713050842
0.9875640273094177
0.7587042450904846
0.9858356714248657
0.6374635100364685
0.9794030785560608
0.9492725729942322
0.9734339118003845
0.8001722693443298
0.9721804261207581
0.7363471984863281
0.6109215021133423
0.7201658487319946
0.9822784662246704
0.8696126341819763
0.9872495532035828
0.985598087310791
0.9908365607261658
0.9736366868019104
0.9707455039024353
0.9633098840713501
0.7656249403953552
0.8322480320930481
0.9643146991729736
0.9869402647018433
0.9825224280357361
0.6786885261535645
0.28215765953063965
0.9517055153846741
0.9822657108306885
0.9821021556854248
0.9770383238792419
0.9839933514595032
0.9730575680732727
0.9780331254005432
0.9863532781600952
0.9900811314582825
0.9829351305961609
0.7677476406097412
0.7733711004257202
0.9247177243232727
0.9790725708007812
0.6354418396949768
0.9824562072753906
0.9939968585968018
0.7846153974533081
0.9745248556137085
0.8647773861885071
0.5788320899009705
0.8031008243560791
0.8172374367713928
0.9844074845314026
0.6543933153152466
0.974885880947113
0.9898066520690918
0.9869452118873596
0.9811723232269287
0.9863693118095398
0.988879382610321
0.9865384697914124
0.7675922513008118
0.9803922176361084
0.5896103978157043
0.6685983538627625
0.9825882315635681
0.9852410554885864
0.9889521598815918
0.988132894039154
0.8707294464111328
0.9711151719093323
0.5346062183380127
0.983150839805603
0.9362975358963013
0.8932126760482788
0.9784467816352844
0.7356321811676025
0.9917627573013306
0.9628591537475586
0.9876358509063721
0.9873932003974915
0.9702970385551453
0.9811146855354309
0.7479075789451599
0.4790874719619751
0.9779950976371765
0.9869540333747864
0.9599412679672241
0.9862900376319885
0.9637305736541748
0.9766123294830322
0.9849448204040527
0.9564436674118042
0.9838945865631104
0.9805284738540649
0.6961756348609924
0.9835503697395325
0.9803235530853271
0.9225327968597412
0.9885602593421936
0.8564574122428894
0.9848661422729492
0.937399685382843
0.956298291683197
0.9897611141204834
0.9667304158210754
0.9817252159118652
0.984663724899292
0.9858913421630859
0.9915902614593506
0.7584480047225952
0.9910554885864258
0.8299741744995117
0.9792429208755493
0.9816972613334656
0.9823834300041199
0.942439079284668
0.9870129823684692
0.9463334083557129
0.9906625151634216
0.9879342317581177
0.9622871279716492
0.9830107092857361
0.9861878156661987
0.8456926345825195
0.981162965297699
0.990752100944519
0.9096800088882446
0.9061413407325745
0.9827510118484497
0.9817265868186951
0.7547998428344727
0.9703726768493652
0.9846475124359131
0.9844961762428284
0.8649508357048035
0.9915966391563416
0.7096981406211853
0.9855875372886658
0.9893180131912231
0.7087113857269287
0.8407214879989624
0.9872262477874756
0.9868766665458679
0.9849498271942139
0.9505801200866699
0.7886613607406616
0.6373928189277649
0.6020569801330566
0.9865067601203918
0.977853536605835
0.9856801629066467
0.9588766098022461
0.7214532494544983
0.8397397994995117
0.987845242023468
0.989758312702179
0.9891808032989502
0.9852417707443237
0.9836956262588501
0.9578413963317871
0.9818422794342041
0.9880534410476685
0.9907321929931641
0.9735973477363586
0.8091602921485901
0.9806026220321655
0.7461980581283569
0.9768913984298706
0.9925558567047119
0.9009463787078857
0.9938472509384155
0.7784090638160706
0.8380014896392822
0.9712322950363159
0.6277317404747009
0.33669760823249817
0.7523077130317688
0.8773360252380371
0.9895945191383362
0.984749436378479
0.9797478318214417
0.6785025000572205
0.9287448525428772
0.9881423115730286
0.9904934763908386
0.7412790060043335
0.9711081981658936
0.9846479892730713
0.9055555462837219
0.9686243534088135
0.5748770236968994
0.9586776494979858
0.6525704860687256
0.9927963018417358
0.4572342336177826
0.5792952179908752
0.7356564998626709
0.9190430045127869
0.9836488366127014
0.6662035584449768
0.9784718751907349
0.9843571782112122
0.920269787311554
0.6351674199104309
0.8121526837348938
0.9885900616645813
0.9849874973297119
0.6888321042060852
0.9780096411705017
0.8444244861602783
0.9833679795265198
0.9553903341293335
0.9854202270507812
0.8558112382888794
0.6841403841972351
0.8164603114128113
0.9644936323165894
0.8261881470680237
0.8352027535438538
0.9824012517929077
0.9844357967376709
0.9880184531211853
0.7792103290557861
0.9949977397918701
0.9674620032310486
0.9886210560798645
0.9796029925346375
0.9806885123252869
0.8437206149101257
0.9776892066001892
0.5946391820907593
0.9876247048377991
0.9530407190322876
0.9874125719070435
0.731589138507843
0.9936468005180359
0.9059181213378906
0.9722796082496643
0.8902077078819275
0.9892827868461609
0.9818375706672668
0.7925407886505127
0.9852008819580078
0.9833024144172668
0.5650360584259033
0.9922555088996887
0.8284834027290344
0.6411526799201965
0.4529999792575836
0.0
0.9885738492012024
0.7571538686752319
0.9857640266418457
0.9764918684959412
0.9854326844215393
0.970811665058136
0.9877063632011414
0.8436781167984009
0.9793857336044312
0.9747898578643799
0.9127053022384644
0.9264000654220581
0.7936350107192993
0.9517304301261902
0.5664418935775757
0.4006175398826599
0.9699381589889526
0.7628865838050842
0.9794490337371826
0.8965517282485962
0.9894879460334778
0.9525861740112305
0.9962228536605835
0.9815846681594849
0.9914529919624329
0.5399177074432373
0.9814520478248596
0.9755352139472961
0.9905660152435303
0.8287239670753479
0.8079748153686523
0.9864864945411682
0.9899186491966248
0.98587566614151
0.9829771518707275
0.9598930478096008
0.9883211851119995
0.9898391366004944
0.5711967349052429
0.953153133392334
0.9858400225639343
0.9792284965515137
0.9886120557785034
0.0
0.7289313077926636
0.9807782173156738
0.8751107454299927
0.9748566746711731
0.8969736695289612
0.9859796166419983
0.9742752313613892
0.8157715797424316
0.9546627402305603
0.5858814716339111
0.9894050359725952
0.9858155846595764
0.9846698045730591
0.919560432434082
0.9474097490310669
0.8087431192398071
0.9885057210922241
0.9881680607795715
0.9844666719436646
0.9871898293495178
0.9769967794418335
0.9920664429664612
0.9876543879508972
0.9839471578598022
0.9861039519309998
0.9805128574371338
0.9839227795600891
0.9815354347229004
0.9888211488723755
0.958737850189209
0.9971042275428772
0.9861066341400146
0.985539436340332
0.9870129823684692
0.7930885553359985
0.9871575832366943
0.98751300573349
0.6898550987243652
0.987834632396698
0.5033959150314331
0.8363285660743713
0.9869353175163269
0.9414703845977783
0.9863013029098511
0.7323556542396545
0.975708544254303
0.9344457387924194
0.7161750197410583
0.985803484916687
0.9823805093765259
0.8257741928100586
0.917303740978241
0.9444020986557007
0.9906271696090698
0.9796085357666016
0.9860088229179382
0.8529276251792908
0.9872262477874756
0.8919148445129395
0.9909692406654358
0.927800178527832
0.9892026782035828
0.9899086952209473
0.9909608364105225
0.7893333435058594
0.9785290360450745
0.9860071539878845
0.9824309349060059
0.9909316301345825
0.9763498306274414
0.98219233751297
0.7110356688499451
0.9865021109580994
0.9838008880615234
0.9895734786987305
0.991525411605835
0.9808876514434814
0.9733487367630005
0.9060527086257935
0.9881873726844788
0.9775123000144958
0.9880239367485046
0.8605610728263855
0.8479678630828857
0.9860601425170898
0.9784758687019348
0.8146306872367859
0.9784070253372192
0.990205705165863
0.99354088306427
0.9741964340209961
0.7972433567047119
0.9903237223625183
0.9886001348495483
0.7640779614448547
0.9878391027450562
0.9891614317893982
0.9070401191711426
0.987942099571228
0.9523071050643921
0.7832764983177185
0.9884678721427917
0.8415335416793823
0.9872495532035828
0.9890109300613403
0.5849562883377075
0.9892473220825195
0.9843260049819946
0.6663712859153748
0.624301016330719
0.992343008518219
0.9185667634010315
0.5687811970710754
0.897026777267456
0.033222589641809464
0.9790381789207458
0.8410138487815857
0.9637174010276794
0.9807774424552917
0.9856042861938477
0.934756875038147
0.6248365640640259
0.9878008365631104
0.9931910634040833
0.9800907969474792
0.9845848083496094
0.9771656394004822
0.9874213337898254
0.9916567206382751
0.9931413531303406
0.9861867427825928
0.9849435687065125
0.9958677291870117
0.9643018245697021
0.9621621966362
0.9903753399848938
0.9826197028160095
0.9823529720306396
0.8562345504760742
0.8811091780662537
0.9815895557403564
0.9055523872375488
0.8076923489570618
0.987281322479248
0.8183619379997253
0.960172176361084
0.9870259761810303
0.9862018823623657
0.8138842582702637
0.9879410266876221
0.7027027010917664
0.39035698771476746
0.9781805872917175
0.9881680607795715
0.9858471751213074
0.7599350810050964
0.9853067994117737
0.9872929453849792
0.9070010185241699
0.9933444261550903
0.9791246056556702
0.9622199535369873
0.8987234234809875
0.994043231010437
0.9590604305267334
0.9792531132698059
0.9893506765365601
0.8796157836914062
0.993565022945404
0.9850860834121704
0.9802979230880737
0.9804181456565857
0.9837198257446289
0.9888889193534851
0.9886877536773682
0.8536680936813354
0.9815043210983276
0.547675609588623
0.555601179599762
0.9810884594917297
0.44993919134140015
0.9920212626457214
0.8855218887329102
0.9634841084480286
0.9951534867286682
0.5820584297180176
0.9897864460945129
0.9868263006210327
0.9814343452453613
0.9828283190727234
0.972204327583313
0.3582218289375305
0.9903382062911987
0.9842042326927185
0.679180920124054
0.991275429725647
0.9865254759788513
0.9827272295951843
0.9694757461547852
0.9941897988319397
0.9850746393203735
0.9854432940483093
0.9710025191307068
0.9115776419639587
0.46634942293167114
0.9956017136573792
0.9806891679763794
0.979145348072052
0.9584552049636841
0.9889638423919678
0.947098970413208
0.9823091626167297
0.9701492190361023
0.7711538672447205
0.738556981086731
0.7646763324737549
0.9911289811134338
0.9838483333587646
0.5840241312980652
0.958204984664917
0.2807171046733856
0.9642119407653809
0.6062132716178894
0.8948910236358643
0.7862318158149719
0.9072602391242981
0.9838827848434448
0.9846603870391846
0.9876542687416077
0.8386363387107849
0.8020424246788025
0.9897172451019287
0.9907518625259399
0.9729225039482117
0.9723126292228699
0.5603954195976257
0.961240291595459
0.9899917244911194
0.9920191168785095
0.6642501354217529
0.6662063598632812
0.9814814925193787
0.9801222681999207
0.9864978194236755
0.9802144169807434
0.7783902287483215
0.9884880781173706
0.7186294794082642
0.9940637350082397
0.9607083797454834
0.8307264447212219
0.970575749874115
0.6604613661766052
0.9819098711013794
0.9807876944541931
0.9910780787467957
0.680242657661438
0.9854778051376343
0.988713264465332
0.9910126328468323
0.9872289299964905
0.9752858281135559
0.973838746547699
0.9787063002586365
0.7470430731773376
0.9851594567298889
0.9892043471336365
0.982880175113678
0.9831360578536987
0.9918410181999207
0.3298585116863251
0.6662341952323914
0.7330316305160522
0.9890997409820557
0.9816901683807373
0.9813352823257446
0.9857611656188965
0.9870848655700684
0.9814020395278931
0.8134757280349731
0.8213731050491333
0.8828701972961426
0.23222748935222626
0.9773691296577454
0.7003242373466492
0.9790517687797546
0.9691482186317444
0.9773157238960266
0.990791916847229
0.9877256751060486
0.5914893746376038
0.5494232177734375
0.9835007190704346
0.9846491813659668
0.796650767326355
0.9809210300445557
0.9885604977607727
0.9919103384017944
0.9884726405143738
0.9909520745277405
0.9699853658676147
0.6515099406242371
0.9797675013542175
0.9100333452224731
0.9843150973320007
0.9859719276428223
0.9908549189567566
0.6618859767913818
0.975149929523468
0.9862490296363831
0.6572414040565491
0.5174247026443481
0.6506431698799133
0.9619932174682617
0.9841475486755371
0.9414243102073669
0.9798951148986816
0.945652186870575
0.9215766787528992
0.9836647510528564
0.9645447731018066
0.982586145401001
0.9666892290115356
0.9854469895362854
0.9876149296760559
0.9823100566864014
0.9794520735740662
0.6807363629341125
0.5027763843536377
0.9823408722877502
0.988195538520813
0.9865667223930359
0.9820788502693176
0.9903537034988403
0.9510889053344727
0.9850890040397644
0.9664067625999451
0.9738956093788147
0.9646685123443604
0.9575414061546326
0.9907216429710388
0.9876627922058105
0.9888268113136292
0.9828810691833496
0.8124792575836182
0.9820459485054016
0.9833179116249084
0.9894111752510071
0.983585000038147
0.5169082283973694
0.6627854704856873
0.79239422082901
0.9795185923576355
0.9895832538604736
0.9671403169631958
0.9859155416488647
0.937399685382843
0.40840840339660645
0.3575547933578491
0.5747482776641846
0.9862204790115356
0.9865659475326538
0.9875359535217285
0.9881390333175659
0.9846526384353638
0.6375000476837158
0.6634109616279602
0.9817887544631958
0.9916267991065979
0.9818040728569031
0.9918419718742371
0.9688498973846436
0.7040518522262573
0.9852558374404907
0.9685156941413879
0.6928440928459167
0.9899952411651611
0.9888033866882324
0.9913669228553772
0.9880304932594299
0.9868569374084473
0.9855207800865173
0.9816124439239502
0.4668329358100891
0.9833080768585205
0.9830648899078369
0.5664488077163696
0.9861849546432495
0.9923774600028992
0.7658774256706238
0.9823484420776367
0.9855908155441284
0.9890815615653992
0.9882268309593201
0.9937228560447693
0.6895584464073181
0.9220374226570129
0.9734748601913452
0.9887928366661072
0.517600417137146
0.6966438889503479
0.9165763854980469
0.9863547682762146
0.6153846383094788
0.43372517824172974
0.9294419288635254
0.9843324422836304
0.9832841753959656
0.976462721824646
0.8781525492668152
0.8408219814300537
0.8572326898574829
0.9907740950584412
0.9880597591400146
0.9761797785758972
0.9862306118011475
0.8519758582115173
0.983988344669342
0.9684569835662842
0.9857715964317322
0.9731224775314331
0.976775050163269
0.9724590182304382
0.985334038734436
0.8618817925453186
0.9791437387466431
0.9880358576774597
0.5963302850723267
0.9849871397018433
0.9893346428871155
0.9841470718383789
0.5782747268676758
0.9839572310447693
0.981381893157959
0.5102404356002808
0.9885988235473633
0.9788708090782166
0.61015784740448
0.9897152185440063
0.8406169414520264
0.9864217638969421
0.9865952134132385
0.9894610047340393
0.9612244963645935
0.9901881217956543
0.9918768405914307
0.9943062663078308
0.8374060392379761
0.9900039434432983
0.986666738986969
0.9941520094871521
0.975925862789154
0.9931973218917847
0.9678748250007629
0.9885396957397461
0.627937912940979
0.9693464636802673
0.9365511536598206
0.9763712882995605
0.9829351902008057
0.9882903695106506
0.9812823534011841
0.9865642786026001
0.9900083541870117
0.9816605448722839
0.9720906019210815
0.9816052317619324
0.9880263209342957
0.97665935754776
0.9889899492263794
0.9860724210739136
0.9809705018997192
0.971746563911438
0.9887809157371521
0.9674928188323975
0.9926725625991821
0.9889764785766602
0.6639344096183777
0.7080062627792358
0.9684210419654846
0.9621211886405945
0.7063089609146118
0.9930814504623413
0.9814876914024353
0.9583839178085327
0.9849409461021423
0.9798903465270996
0.9589651823043823
0.9754661321640015
0.810306191444397
0.9819121360778809
0.6037013530731201
0.944606363773346
0.9575201869010925
0.9830334186553955
0.9862150549888611
0.9694750308990479
0.9412596821784973
0.9933524131774902
0.7895859479904175
0.5674548149108887
0.9814029335975647
0.6334282755851746
0.9881516098976135
0.9862141609191895
0.9728583693504333
0.7117688059806824
0.9784465432167053
0.9864000082015991
0.9835902452468872
0.9795918464660645
0.9739269614219666
0.8798133134841919
0.6216095685958862
0.8449974060058594
0.9813030958175659
0.9869951605796814
0.9919323325157166
0.9882034659385681
0.7050219178199768
0.987302839756012
0.9884046316146851
0.6028739213943481
0.9658433794975281
0.5531531572341919
0.9789562821388245
0.9924203753471375
0.800266683101654
0.9869565963745117
0.9189468622207642
0.9818181991577148
0.7570579648017883
0.8788689374923706
0.5482625961303711
0.9889152646064758
0.9638989567756653
0.9567307829856873
0.9837702512741089
0.9392991662025452
0.6555023789405823
0.8298482894897461
0.9813225269317627
0.858212947845459
0.9866848587989807
0.5257954597473145
0.9852328300476074
0.8711656332015991
0.9799920916557312
0.980460524559021
0.9520707130432129
0.9885057210922241
0.9884555339813232
0.9880358576774597
0.984679102897644
0.6281895637512207
0.9919419288635254
0.9680759310722351
0.8710951805114746
0.9528222680091858
0.5469017028808594
0.7016299962997437
0.9911430478096008
0.9805598258972168
0.9783622622489929
0.8843070268630981
0.9862013459205627
0.7982087731361389
0.9800686836242676
0.9092849493026733
0.9420823454856873
0.9916589260101318
0.9880823493003845
0.9854248762130737
0.761077344417572
0.8513189554214478
0.9891219735145569
0.9828312397003174
0.4176260232925415
0.9546884894371033
0.9910748600959778
0.9598650932312012
0.9826049208641052
0.984455943107605
0.986815869808197
0.6088495254516602
0.9833770990371704
0.7652378678321838
0.8477157354354858
0.6827371716499329
0.9928537011146545
0.9901340007781982
0.7581607699394226
0.6492424011230469
0.9826807379722595
0.9729102253913879
0.9706601500511169
0.9244444370269775
0.5630791187286377
0.9879302382469177
0.9831387996673584
0.75
0.745535671710968
0.981674075126648
0.9722222685813904
0.9775235056877136
0.9230769276618958
0.9905296564102173
0.9848975539207458
0.9777016043663025
0.9777168035507202
0.9859831929206848
0.9442877769470215
0.977066695690155
0.9577197432518005
0.8079864382743835
0.48017868399620056
0.9874125719070435
0.959498941898346
0.5532416701316833
0.9882863163948059
0.9776120185852051
0.9818956851959229
0.9728434085845947
0.9894842505455017
0.9821555614471436
0.987529456615448
0.7684249877929688
0.9759691953659058
0.9723051190376282
0.9600536823272705
0.6700393557548523
0.7270773649215698
0.9910680055618286
0.9823771715164185
0.9855379462242126
0.9791252017021179
0.9747440218925476
0.9657731652259827
0.807112455368042
0.9040576219558716
0.9915540218353271
0.9912499785423279
0.980405867099762
0.8124088048934937
0.9846402406692505
0.9904264211654663
0.9881832003593445
0.9741564989089966
0.9755735993385315
0.694656491279602
0.8027268648147583
0.9841748476028442
0.9099271893501282
0.9843671321868896
0.9832894206047058
0.6642456650733948
0.9531700015068054
0.991735577583313
0.8306115865707397
0.5738369822502136
0.5102603435516357
0.8492376804351807
0.9894737005233765
0.9700759053230286
0.8176317811012268
0.9378214478492737
0.9034712314605713
0.9870455265045166
0.9909909963607788
0.9893390536308289
0.9916279315948486
0.6592965126037598
0.977540135383606
0.7107875943183899
0.9865021109580994
0.9784097075462341
0.9755367040634155
0.5023890733718872
0.9905335903167725
0.46118512749671936
0.9655706286430359
0.557673990726471
0.9889166355133057
0.9740035533905029
0.9296656847000122
0.9362945556640625
0.9920704960823059
0.8479234576225281
0.7363515496253967
0.7158938050270081
0.39081746339797974
0.9864116907119751
0.9136335253715515
0.9908376932144165
0.9763884544372559
0.8278291821479797
0.9818180799484253
0.9854689836502075
0.9946237206459045
0.9876894354820251
0.9770290851593018
0.5981635451316833
0.9871630072593689
0.9850597977638245
0.911717414855957
0.8960853815078735
0.6838027834892273
0.8515563011169434
0.9879427552223206
0.9208255410194397
0.9711627960205078
0.9818180799484253
0.7523953914642334
0.9824854135513306
0.9852875471115112
0.8003869652748108
0.9903644323348999
0.9835323691368103
0.9837478995323181
0.9247484803199768
0.982653021812439
0.9783490896224976
0.98197340965271
0.9901251196861267
0.6244750618934631
0.990843653678894
0.9921818971633911
0.9752534627914429
0.6638684868812561
0.9243649840354919
0.9870129227638245
0.9531948566436768
0.9879517555236816
0.9852328300476074
0.6974043846130371
0.9831932783126831
0.7721409797668457
0.5916398763656616
0.9857320189476013
0.8117066621780396
0.9895311594009399
0.9779950976371765
0.44811564683914185
0.9930070042610168
0.9702339172363281
0.9899343848228455
0.9847480058670044
0.9877551198005676
0.7584137916564941
0.5045044422149658
0.9882588982582092
0.9866056442260742
0.9813915491104126
0.9867407083511353
0.99149090051651
0.9745669364929199
0.8717948198318481
0.9910269379615784
0.9716205596923828
0.9743780493736267
0.9873663187026978
0.9921051859855652
0.9885339736938477
0.9867523312568665
0.9696112275123596
0.9897798895835876
0.9805243611335754
0.9854333400726318
0.9804081320762634
0.9909842610359192
0.9898326992988586
0.9905979633331299
0.21983684599399567
0.9801603555679321
0.9846277832984924
0.9895588159561157
0.7958228588104248
0.9923045635223389
0.5093735456466675
0.8180028200149536
0.9879269003868103
0.9837037324905396
0.9903907179832458
0.9837797284126282
0.4011440873146057
0.9838486313819885
0.9874533414840698
0.9695290923118591
0.9842674732208252
0.5164113640785217
0.9933184385299683
0.9837551116943359
0.47507143020629883
0.9876665472984314
0.8585763573646545
0.8113207221031189
0.9885312914848328
0.897628664970398
0.9901897311210632
0.9824012517929077
0.9921630024909973
0.9889395236968994
0.9807804226875305
0.9725016951560974
0.8775267601013184
0.9821346402168274
0.7226173281669617
0.9901245832443237
0.9903181195259094
0.6801861524581909
0.5455440878868103
0.9084790945053101
0.9939209818840027
0.9851329922676086
0.6481544375419617
0.8539235591888428
0.8438438773155212
0.9854143857955933
0.8342856764793396
0.9872821569442749
0.9762418270111084
0.9819743037223816
0.9803536534309387
0.6111111044883728
0.9756330847740173
0.6991870403289795
0.9912179708480835
0.985927164554596
0.9940593838691711
0.9877328276634216
0.9876046776771545
0.45215561985969543
0.6284271478652954
0.983171820640564
0.846659779548645
0.6443203091621399
0.982611894607544
0.9651685357093811
0.9830508232116699
0.992817223072052
0.7161314487457275
0.9917290806770325
0.9803179502487183
0.9810934662818909
0.5040816068649292
0.9889415502548218
0.8390843868255615
0.9837702512741089
0.9252004027366638
0.9863842725753784
0.9816251397132874
0.8946672677993774
0.8274336457252502
0.9432029724121094
0.5664780735969543
0.906826913356781
0.6040884852409363
0.9684834480285645
0.9014198780059814
0.9862312078475952
0.6466984152793884
0.7936651110649109
