0.8776401877403259
0.9513475894927979
0.9919901490211487
0.9876797199249268
0.9868199229240417
0.9854227304458618
0.6638054251670837
0.9688888788223267
0.983132541179657
0.8100386261940002
0.8310858607292175
0.9836915135383606
0.93747478723526
0.9912634491920471
0.989425539970398
0.9551569223403931
0.9917355179786682
0.951012909412384
0.8808823823928833
0.8360083699226379
0.9873228073120117
0.987013041973114
0.6919468641281128
0.9833496809005737
0.9809485077857971
0.8129602670669556
0.981992781162262
0.9798498749732971
0.6145736575126648
0.9911914467811584
0.8759124279022217
0.9850629568099976
0.9903907179832458
0.9869495034217834
0.9871931672096252
0.634782612323761
0.9599745869636536
0.9854469895362854
0.9860671162605286
0.6282305717468262
0.9860997796058655
0.6034559011459351
0.9844341278076172
0.9728076457977295
0.9836779236793518
0.612500011920929
0.6818181872367859
0.5383090972900391
0.9928057193756104
0.5942610502243042
0.9858611822128296
0.9875360131263733
0.9820305705070496
0.9790431261062622
0.9845889806747437
0.8580162525177002
0.9925857782363892
0.9825129508972168
0.9942681789398193
0.8404040336608887
0.9484808444976807
0.5882353186607361
0.9535603523254395
0.6590585112571716
0.9865575432777405
0.885793924331665
0.9752790927886963
0.93712317943573
0.7930853962898254
0.772323489189148
0.9960668683052063
0.9909666180610657
0.9918138980865479
0.797785758972168
0.9726027846336365
0.977088451385498
0.99293452501297
0.9700722694396973
0.6220614910125732
0.9821555614471436
0.970788300037384
0.9731913208961487
0.6645220518112183
0.9756097197532654
0.9901160597801208
0.9878136515617371
0.9681782126426697
0.9865031242370605
0.8269662857055664
0.9838449954986572
0.9813703298568726
0.9807465076446533
0.9638395309448242
0.6625239253044128
0.9851852059364319
0.9311254024505615
0.9871748089790344
0.989327609539032
0.9829716682434082
0.9808087348937988
0.99003666639328
0.9335810542106628
0.9946061968803406
0.9911320209503174
0.8686096668243408
0.9708141684532166
0.6600808501243591
0.7591059803962708
0.9546166062355042
0.9734788537025452
0.9814550876617432
0.9879840016365051
0.7544642686843872
0.9908095598220825
0.8768376708030701
0.9751813411712646
0.9764789342880249
0.9945355653762817
0.8258478045463562
0.7791648507118225
0.9807909727096558
0.9896034002304077
0.9819695353507996
0.9890636205673218
0.9864630699157715
0.9883837103843689
0.714232861995697
0.8239339590072632
0.5433985590934753
0.7035019397735596
0.19344650208950043
0.29460200667381287
0.98115074634552
0.8166199922561646
0.9569857120513916
0.9848693609237671
0.9572017192840576
0.9886400699615479
0.9868110418319702
0.9931089282035828
0.9838709831237793
0.971742570400238
0.6359648704528809
0.9863866567611694
0.9639434218406677
0.9683836698532104
0.9704009294509888
0.9942418932914734
0.8025837540626526
0.758099377155304
0.9255102276802063
0.9901961088180542
0.7058823704719543
0.993759036064148
0.8650113344192505
0.9843462705612183
0.832621693611145
0.9909146428108215
0.9958574771881104
0.9770641326904297
0.9747235178947449
0.9876106381416321
0.8484848141670227
0.976934552192688
0.807112455368042
0.8275250196456909
0.9886845350265503
0.9911347031593323
0.977762758731842
0.9844699501991272
0.8714221119880676
0.9832033514976501
0.9835145473480225
0.7412353754043579
0.9865433573722839
0.6790310740470886
0.7087505459785461
0.9789028763771057
0.9788401126861572
0.9902723431587219
0.9882943034172058
0.9900990724563599
0.9766423106193542
0.9769201874732971
0.7509321570396423
0.688286542892456
0.9780833125114441
0.9865471720695496
0.9820225238800049
0.8361344337463379
0.9712322950363159
0.9822667837142944
0.9845225214958191
0.9873645901679993
0.8390277624130249
0.9856915473937988
0.9845848083496094
0.982040286064148
0.8391304016113281
0.984872579574585
0.5588412880897522
0.7212830185890198
0.9869627952575684
0.9931558966636658
0.8237443566322327
0.9863120913505554
0.9890260100364685
0.3751484155654907
0.7478696703910828
0.9934185147285461
0.986954927444458
0.680497944355011
0.7862595915794373
0.9907539486885071
0.9598526358604431
0.6372950673103333
0.9905748963356018
0.9694940447807312
0.5769085884094238
0.9884297251701355
0.2173350602388382
0.9872165322303772
0.99089115858078
0.9697465896606445
0.4584919810295105
0.9353370070457458
0.993017852306366
0.9866988658905029
0.9787745475769043
0.9891992211341858
0.9914078116416931
0.9796545505523682
0.9616498351097107
0.840801477432251
0.9748031497001648
0.9828962087631226
0.9659498333930969
0.9783806800842285
0.9928909540176392
0.9868868589401245
0.6454545259475708
0.933688759803772
0.9839535355567932
0.9630995988845825
0.9772652983665466
0.8494337201118469
0.6767451763153076
0.9919224977493286
0.9829545021057129
0.9037304520606995
0.8527724742889404
0.9893658757209778
0.7276976704597473
0.9876015186309814
0.9880896210670471
0.9864620566368103
0.9851915836334229
0.9910005331039429
0.332707941532135
0.9887750148773193
0.3705010414123535
0.9799107313156128
0.9542484283447266
0.9834842681884766
0.9788944721221924
0.9307652711868286
0.9889875054359436
0.8247278332710266
0.9919590353965759
0.9853740334510803
0.6661533117294312
0.7258952856063843
0.6000686287879944
0.9907236099243164
0.772319495677948
0.6770395040512085
0.8125718832015991
0.6145431399345398
0.6693121194839478
0.9634188413619995
0.9880183935165405
0.983406126499176
0.9826014041900635
0.9921519756317139
0.6142066717147827
0.9233464002609253
0.7890208959579468
0.9869110584259033
0.9191132187843323
0.9822393655776978
0.9865997433662415
0.8453608155250549
0.69590163230896
0.9395622611045837
0.9883580803871155
0.9748644828796387
0.9838508367538452
0.985278308391571
0.824635922908783
0.8017117977142334
0.988659143447876
0.9867974519729614
0.9793254137039185
0.976706862449646
0.9929742217063904
0.9953917264938354
0.9818181395530701
0.90337073802948
0.646124541759491
0.9871414303779602
0.9827160835266113
0.9927874803543091
0.9786808490753174
0.9823678135871887
0.9840155243873596
0.914103090763092
0.6844160556793213
0.9559595584869385
0.991428554058075
0.6252504587173462
0.9864171743392944
0.9143033623695374
0.9860164523124695
0.9729729890823364
0.8924580812454224
0.9578438401222229
0.9884801506996155
0.9615502953529358
0.9335694909095764
0.9582704305648804
0.979698657989502
0.9863842725753784
0.9092114567756653
0.7278635501861572
0.9813528656959534
0.9872915744781494
0.9888970851898193
0.9111807942390442
0.9914529919624329
0.9290909171104431
0.7982718348503113
0.9878154993057251
0.9825535416603088
0.7633181214332581
0.9889186024665833
0.671006977558136
0.9879102110862732
0.9813084006309509
0.9599066376686096
0.9829787015914917
0.9831144213676453
0.7924058437347412
0.9799062609672546
0.97258061170578
0.5686789155006409
0.7189054489135742
0.7962738275527954
0.9538030624389648
0.6391041874885559
0.9782885909080505
0.6343669295310974
0.9872408509254456
0.9483893513679504
0.9908026456832886
0.6550249457359314
0.9816046953201294
0.8848622441291809
0.9764171242713928
0.9698708653450012
0.7071240544319153
0.9927007555961609
0.9924573302268982
0.9836065769195557
0.9839487075805664
0.9863619208335876
0.3691345155239105
0.801967978477478
0.960212230682373
0.9848324656486511
0.9944598078727722
0.9914957880973816
0.8036639094352722
0.9850745797157288
0.02491241693496704
0.9905213713645935
0.9917808771133423
0.9900989532470703
0.9903307557106018
0.9868470430374146
0.8582507371902466
0.9933388829231262
0.695930540561676
0.9934688210487366
0.9890034794807434
0.9829609990119934
0.977505087852478
0.9874190092086792
0.9885773658752441
0.9777117967605591
0.9790475964546204
0.9901195764541626
0.9805194735527039
0.9094113111495972
0.604179859161377
0.9869130253791809
0.826518714427948
0.9615824222564697
0.7927802801132202
0.9937107563018799
0.9801939129829407
0.41604629158973694
0.9859038591384888
0.9695315361022949
0.9823182821273804
0.970182478427887
0.5793269276618958
0.9777552485466003
0.8699808716773987
0.9915861487388611
0.9847580790519714
0.9866564869880676
0.7820420265197754
0.37551867961883545
0.9908718466758728
0.9818913340568542
0.6951500773429871
0.9881278872489929
0.9912600517272949
0.6948775053024292
0.8132568597793579
0.9820272922515869
0.9770388603210449
0.9872902631759644
0.9799919128417969
0.9394059181213379
0.9767025113105774
0.9852310419082642
0.832525908946991
0.8738007545471191
0.9398359060287476
0.9936729669570923
0.9914417266845703
0.9923931956291199
0.9145662784576416
0.9875949621200562
0.8840840458869934
0.9909254908561707
0.33560243248939514
0.9205317497253418
0.9671403765678406
0.9834368228912354
0.6051324009895325
0.9761797189712524
0.9851678013801575
0.9900709390640259
0.7766917943954468
0.9918137788772583
0.9793773293495178
0.8716797232627869
0.9905073642730713
0.9864603877067566
0.6898839473724365
0.9863124489784241
0.5436537265777588
0.9830038547515869
0.9513991475105286
0.5651012063026428
0.794314444065094
0.9921475052833557
0.9859703779220581
0.9739653468132019
0.9857328534126282
0.9846564531326294
0.81993567943573
0.9868995547294617
0.7296339869499207
0.8212927579879761
0.9839285612106323
0.9841122031211853
0.9912246465682983
0.9306758642196655
0.9847984313964844
0.975115180015564
0.9228110909461975
0.7895557284355164
0.9935227036476135
0.5720316767692566
0.968885064125061
0.9848771095275879
0.9818040728569031
0.9926701784133911
0.6581794619560242
0.6978851556777954
0.9886288046836853
0.9868476390838623
0.9908433556556702
0.9386177062988281
0.9879888892173767
0.9710466861724854
0.7726574540138245
0.9762712121009827
0.5015038251876831
0.998302161693573
0.9842296242713928
0.7222222685813904
0.7325581312179565
0.9235549569129944
0.9962943196296692
0.9003472924232483
0.6575438380241394
0.9900990128517151
0.6580958962440491
0.9811846613883972
0.8475024700164795
0.6539196372032166
0.9813485741615295
0.9793854355812073
0.9909626245498657
0.8095740675926208
0.7739576101303101
0.9889134764671326
0.5334318280220032
0.986492395401001
0.9876176714897156
0.9902169704437256
0.9958785772323608
0.9906622171401978
0.9884738922119141
0.9873050451278687
0.9777158498764038
0.9584416151046753
0.9859831929206848
0.9867874979972839
0.9855212569236755
0.9888800382614136
0.980994701385498
0.9784122705459595
0.9862499833106995
0.5233545303344727
0.6603900194168091
0.36154288053512573
0.9872204661369324
0.9236740469932556
0.8154535889625549
0.9908186197280884
0.9798657298088074
0.8756835460662842
0.9581470489501953
0.8538747429847717
0.7946926951408386
0.7855469584465027
0.9859670400619507
0.9780292510986328
0.9699618220329285
0.9886283278465271
0.6899097561836243
0.9874790906906128
0.9909659624099731
0.986036479473114
0.3440476059913635
0.7577889561653137
0.9853659272193909
0.98562091588974
0.988818347454071
0.9894631505012512
0.9903057813644409
0.9888105988502502
0.9898595809936523
0.9892622828483582
0.9869145750999451
0.983505129814148
0.9769707322120667
0.9758898019790649
0.9910854697227478
0.9839864373207092
0.9760528802871704
0.9813976883888245
0.8134796023368835
0.8178191781044006
0.8746821284294128
0.980434775352478
0.9824199080467224
0.9768600463867188
0.9832857251167297
0.9848612546920776
0.9779231548309326
0.7027027010917664
0.8016005158424377
0.9801046848297119
0.9021806716918945
0.9885844588279724
0.7959001660346985
0.9814964532852173
0.9921141266822815
0.9891696572303772
0.9877243041992188
0.8396521806716919
0.9387755393981934
0.6854808926582336
0.9808474183082581
0.6428854465484619
0.9751351475715637
0.7793934941291809
0.9885796308517456
0.9882256984710693
0.7753539681434631
0.8859673738479614
0.9763721823692322
0.9874869585037231
0.5144392251968384
0.9671396017074585
0.9445816874504089
0.9903459548950195
0.9923986196517944
0.9743345975875854
0.9866881370544434
0.7941282391548157
0.9687119722366333
0.9307958483695984
0.9866840243339539
0.9167404770851135
0.9889850616455078
0.9877018332481384
0.9794549942016602
0.9778422713279724
0.960231363773346
0.9834710955619812
0.9942933917045593
0.9906271696090698
0.6254364252090454
0.9061853289604187
0.8675733804702759
0.9960867762565613
0.9699534177780151
0.984855055809021
0.8779599070549011
0.9783834218978882
0.9397380352020264
0.9852744936943054
0.9936134219169617
0.9747292399406433
0.9833332896232605
0.990788996219635
0.9818335771560669
0.9667629599571228
0.9874448776245117
0.9856997728347778
0.9874476790428162
0.9921104907989502
0.9720141887664795
0.9931090474128723
0.7420743703842163
0.9836065769195557
0.9926267266273499
0.8638360500335693
0.9123924374580383
0.9872971177101135
0.9789511561393738
0.9668630361557007
0.9387129545211792
0.9821957945823669
0.9766177535057068
0.9082806706428528
0.9903537631034851
0.973885178565979
0.9670222997665405
0.9764878749847412
0.9896352887153625
0.9268768429756165
0.9239180088043213
0.978293776512146
0.991348147392273
0.9937726259231567
0.9601476192474365
0.7260544300079346
0.9883401989936829
0.0015692427987232804
0.9753373265266418
0.9866803288459778
0.9812636375427246
0.9820864200592041
0.969072163105011
0.9803536534309387
0.9822587966918945
0.9874607920646667
0.9799097776412964
0.9931906461715698
0.9795640707015991
0.9880478382110596
0.9895877242088318
0.9905447959899902
0.24489794671535492
0.9756560325622559
0.8961672186851501
0.9813664555549622
0.9888659715652466
0.6969267129898071
0.9876203536987305
0.9849624633789062
0.9856711626052856
0.8504436612129211
0.9863119721412659
0.8388034105300903
0.972175657749176
0.9808523058891296
0.5421789884567261
0.9856361746788025
0.5535354018211365
0.9913398027420044
0.4770283102989197
0.9733783602714539
0.9794907569885254
0.9872102737426758
0.9889706373214722
0.7908936738967896
0.9759519100189209
0.6763176918029785
0.9788520336151123
0.6997026205062866
0.9901999235153198
0.9695152640342712
0.9900595545768738
0.9779208302497864
0.9914600253105164
0.9801949262619019
0.8395704030990601
0.8089368343353271
0.9868420958518982
0.9903805255889893
0.9724846482276917
0.9880906939506531
0.5923000574111938
0.9918856620788574
0.9828872680664062
0.9891724586486816
0.6978600025177002
0.9848875999450684
0.7668497562408447
0.770807683467865
0.9643787741661072
0.9798799753189087
0.42583730816841125
0.6038931608200073
0.9749503135681152
0.8904320597648621
0.9835294485092163
0.9793306589126587
0.9714084267616272
0.9700639247894287
0.9867794513702393
0.9794614315032959
0.9732106924057007
0.9915966987609863
0.9929759502410889
0.9860197901725769
0.51893550157547
0.9930199980735779
0.9828913807868958
0.38755810260772705
0.8876081109046936
0.9832116961479187
0.9647803902626038
0.6867210865020752
0.7599424719810486
0.8974056839942932
0.7504911422729492
0.9920885562896729
0.9841121435165405
0.9908847212791443
0.9851049780845642
0.9383280277252197
0.985845685005188
0.9786654114723206
0.9883469343185425
0.9831709861755371
0.9759336709976196
0.9911978244781494
0.9930984377861023
0.2319660484790802
0.9907445311546326
0.9881543517112732
0.9846264123916626
0.7720810174942017
0.6562249064445496
0.9877750277519226
0.9802544713020325
0.9814152121543884
0.9868937730789185
0.5507956147193909
0.9880608916282654
0.9826375842094421
0.9894900918006897
0.9860723614692688
0.834645688533783
0.6726343035697937
0.7531707882881165
0.6842470765113831
0.9926108121871948
0.9918991923332214
0.9806013703346252
0.9807692170143127
0.9820908308029175
0.9910233616828918
0.9903809428215027
0.9870020747184753
0.9485929608345032
0.9875436425209045
0.48031842708587646
0.9876450896263123
0.986933171749115
0.9803312420845032
0.7754783034324646
0.9878444671630859
0.9887369275093079
0.8547745943069458
0.9934484362602234
0.984981894493103
0.9684317708015442
0.9896050095558167
0.9763572812080383
0.9685014486312866
0.9781365394592285
0.9871559143066406
0.9935291409492493
0.9838639497756958
0.974879801273346
0.9817858934402466
0.6823984384536743
0.7133117914199829
0.9835803508758545
0.9854096174240112
0.9840255975723267
0.9877467751502991
0.879553496837616
0.9803921580314636
0.7299349308013916
0.9850746393203735
0.9888268113136292
0.9747612476348877
0.9900727868080139
0.9837073683738708
0.9846373796463013
0.987511157989502
0.7515745759010315
0.9777777791023254
0.9843237400054932
0.9865772128105164
0.9837133288383484
0.9801125526428223
0.8581295013427734
0.9779005646705627
0.5777525305747986
0.5981308221817017
0.957493007183075
0.9936197996139526
0.9794913530349731
0.6072507500648499
0.7265917658805847
0.586077868938446
0.7644529342651367
0.9195402264595032
0.7695984840393066
0.988216757774353
0.9709923267364502
0.6372944712638855
0.7433453798294067
0.9859572052955627
0.9844604134559631
0.7909863591194153
0.9047619104385376
0.9006848931312561
0.9844236373901367
0.8359297513961792
0.6108452677726746
0.9600000381469727
0.9809619188308716
0.9799665808677673
0.9545126557350159
0.9794239401817322
0.9863117933273315
0.9712963104248047
0.9931192398071289
0.7468993663787842
0.9873928427696228
0.9752941727638245
0.984649121761322
0.6194056868553162
0.6324298977851868
0.9842931628227234
0.9825754761695862
0.7395668029785156
0.9908458590507507
0.9878743886947632
0.9900897145271301
0.9736424088478088
0.7840185165405273
0.9815114736557007
0.9898647665977478
0.9131905436515808
0.9908163547515869
0.9843513369560242
0.8040885925292969
0.9844926595687866
0.9821137189865112
0.8060786724090576
0.9922058582305908
0.5669113993644714
0.9841269850730896
0.550537645816803
0.9775729775428772
0.7368009090423584
0.9859154224395752
0.8830188512802124
0.5950920581817627
0.55222088098526
0.600068211555481
0.9748535752296448
0.9756827354431152
0.9888888597488403
0.9093078970909119
0.9883779883384705
0.9823321104049683
0.9691739082336426
0.9926130771636963
0.9755929708480835
0.9184629917144775
0.6057053804397583
0.9553539156913757
0.9841427206993103
0.982751727104187
0.972673773765564
0.9916398525238037
0.6042841076850891
0.991482138633728
0.9886364340782166
0.9874715209007263
0.9834684133529663
0.9931389689445496
0.9723692536354065
0.9084842801094055
0.33537331223487854
0.9829267263412476
0.9892933368682861
0.9816896319389343
0.9927077889442444
0.9950958490371704
0.21468928456306458
0.9811529517173767
0.8899297118186951
0.45561137795448303
0.8281053900718689
0.8032128810882568
0.9790964126586914
0.9893877506256104
0.9802731871604919
0.9832776188850403
0.9818181991577148
0.9566517472267151
0.7943560481071472
0.9843692183494568
0.9840028285980225
0.9914466738700867
0.9831866025924683
0.9786477088928223
0.9919224977493286
0.45777109265327454
0.978378415107727
0.9669694304466248
0.8162124752998352
0.9844146370887756
0.9908694624900818
0.839939534664154
0.9668034315109253
0.9668192267417908
0.9903091192245483
0.8641278743743896
0.9912281036376953
0.8261306881904602
0.9839048385620117
0.6080614328384399
0.9819911122322083
0.6862568259239197
0.9902120232582092
0.9883860349655151
0.5443747639656067
0.9781420826911926
0.9679375886917114
0.9858712553977966
0.8690558075904846
0.9674826860427856
0.8874334096908569
0.9821102023124695
0.9265584945678711
0.9793246388435364
0.7580645680427551
0.982905924320221
0.9913159608840942
0.9798296689987183
0.9909166693687439
0.9799228310585022
0.9869594573974609
0.974378228187561
0.9882870316505432
0.9060970544815063
0.9811827540397644
0.990791916847229
0.9929578304290771
0.9806389212608337
0.9376237392425537
0.9907090067863464
0.9934937953948975
0.9851138591766357
0.9773679971694946
0.9701711535453796
0.8438286781311035
0.9817380905151367
0.5354810953140259
0.9773163795471191
0.739108145236969
0.8926635384559631
0.969877302646637
0.9830758571624756
0.9945980310440063
0.9712666869163513
0.38237783312797546
0.9867933988571167
0.9872004985809326
0.9863824844360352
0.9820628762245178
0.8543630242347717
0.7295762300491333
0.9915094375610352
0.8247602581977844
0.9927448630332947
0.9886220097541809
0.6095171570777893
0.9920158982276917
0.9877134561538696
0.9866666793823242
0.8667038679122925
0.9885152578353882
0.7879980206489563
0.9859625101089478
0.9853039383888245
0.3326900899410248
0.982758641242981
0.9871708154678345
0.5717101693153381
0.9911617040634155
0.965986430644989
0.8598917722702026
0.9814360737800598
0.9000833034515381
0.9854369163513184
0.9870269894599915
0.985353946685791
0.6504787802696228
0.9655511379241943
0.98124098777771
0.9794967770576477
0.9705263376235962
0.6232115030288696
0.9903191328048706
0.9871703386306763
0.23535403609275818
0.593095600605011
0.611346960067749
0.9587872624397278
0.9766186475753784
0.9898084402084351
0.9830226898193359
0.9874571561813354
0.982677161693573
0.7869565486907959
0.9121903777122498
0.985401451587677
0.9957265853881836
0.7881529927253723
0.8897338509559631
0.8348156809806824
0.8939342498779297
0.9785234928131104
0.9104477167129517
0.9839762449264526
0.7701411247253418
0.9858299493789673
0.9725610017776489
0.9877589344978333
0.8764378428459167
0.9851500391960144
0.9872339963912964
0.9872915744781494
0.9000869393348694
0.6071125864982605
0.9718253016471863
0.8479951620101929
0.9777069687843323
0.9890611171722412
0.9468128681182861
0.9824424386024475
0.8864643573760986
0.9904205799102783
0.9902730584144592
0.9524610638618469
0.4870550036430359
0.7589519619941711
0.9872276782989502
0.9881584048271179
0.9817931056022644
0.9591439366340637
0.988235354423523
0.9802430868148804
0.9842972755432129
0.9750866293907166
0.6857349872589111
0.9706190824508667
0.7551487684249878
0.9796783328056335
0.915549099445343
0.7075728178024292
0.9403040409088135
0.8678181767463684
0.6043370366096497
0.8121827840805054
0.9860073924064636
0.9833333492279053
0.6033755540847778
0.9855804443359375
0.9769189953804016
0.972098708152771
0.9783783555030823
0.9883303642272949
0.940131425857544
0.9801055192947388
0.8403193354606628
0.9860279560089111
0.9936492443084717
0.7831474542617798
0.4847632348537445
0.9773662090301514
0.9642462134361267
0.9829843044281006
0.9872164726257324
0.9803063273429871
0.9886731505393982
0.9373412728309631
0.8303863406181335
0.8031733632087708
0.9882168769836426
0.9381284117698669
0.9799230694770813
0.9865575432777405
0.9805918335914612
0.9824561476707458
0.9835728406906128
0.9795770049095154
0.9763033390045166
0.0
0.9819716811180115
0.24227234721183777
0.440809041261673
0.99260413646698
0.797614336013794
0.9780012965202332
0.9871968626976013
0.00546234892681241
0.9861581325531006
0.8406195640563965
0.566901445388794
0.9856410026550293
0.9893072843551636
0.9803235530853271
0.9590362310409546
0.80791836977005
0.9891031384468079
0.9778659343719482
0.9728842377662659
0.98525071144104
0.9784762263298035
0.9873748421669006
0.9878049492835999
0.21398484706878662
0.9773720502853394
0.9845360517501831
0.9806922078132629
0.9834645986557007
0.9897410869598389
0.9900213479995728
0.977979302406311
0.6254180073738098
0.6451612710952759
0.7141653299331665
0.9539023041725159
0.5876923203468323
0.9879323840141296
0.8465731739997864
0.9778393507003784
0.9769821763038635
0.976285994052887
0.853400468826294
0.9832159876823425
0.9794437289237976
0.9890635013580322
0.8908347487449646
0.989612877368927
0.95386803150177
0.9887906312942505
0.8274559378623962
0.988215446472168
0.6841135025024414
0.9842082858085632
0.9834254384040833
0.9882813096046448
0.988979697227478
0.8699511885643005
0.9886559247970581
0.7629592418670654
0.9889233112335205
0.9809291362762451
0.9831622838973999
0.9831884503364563
0.9879781603813171
0.9945082068443298
0.9831875562667847
0.9648293852806091
0.9893373847007751
0.9876378178596497
0.9818934202194214
0.988849937915802
0.9867711663246155
0.8625043034553528
0.9745182991027832
0.6661316156387329
0.7306982278823853
0.6970874071121216
0.9768393039703369
0.9249743223190308
0.9258137941360474
0.9639769196510315
0.9921901822090149
0.9764780402183533
0.9602543711662292
0.9815699458122253
0.9850349426269531
0.9916766285896301
0.6570370197296143
0.6576455235481262
0.9844961166381836
0.9805225729942322
0.9787027835845947
0.9876777529716492
0.9750692248344421
0.965758204460144
0.913165271282196
0.9821903109550476
0.9850534200668335
0.991735577583313
0.9870234727859497
0.9817880988121033
0.9425625801086426
0.8332846164703369
0.9873253107070923
0.6242628693580627
0.9867871999740601
0.987101674079895
0.6346978545188904
0.12512819468975067
0.9903660416603088
0.8238458037376404
0.9931158423423767
0.9876437783241272
0.985271692276001
0.9809020757675171
0.8424971103668213
0.9930639863014221
0.9793685078620911
0.9915748834609985
0.5224131941795349
0.4987303614616394
0.9891248345375061
0.97202467918396
0.6399432420730591
0.6080586314201355
0.9825815558433533
0.9895161390304565
0.9357413649559021
0.9400579333305359
0.4963636100292206
0.9876339435577393
0.6196491122245789
0.989552915096283
0.9801788330078125
0.8275599479675293
0.9897698760032654
0.9891344904899597
0.8828715085983276
0.5983977317810059
0.9629310965538025
0.9440644383430481
0.9909613132476807
0.9862239360809326
0.9902713894844055
0.9834862351417542
0.9806200861930847
0.7668898105621338
0.7808676362037659
0.9586721062660217
0.7760605216026306
0.9848764538764954
0.9866903424263
0.8307210206985474
0.9855072498321533
0.9867647290229797
0.9784172177314758
0.9847273230552673
0.9956366419792175
0.9633162021636963
0.9805137515068054
0.9892650842666626
0.9694989323616028
0.9854680895805359
0.9867351055145264
0.9920353889465332
0.9776062369346619
0.5600339770317078
0.9831692576408386
0.9927470684051514
0.9879410266876221
0.9781022667884827
0.9901719093322754
0.978762686252594
0.9867674708366394
0.9831461310386658
0.9912983179092407
0.6605504751205444
0.9894829392433167
0.9898329377174377
0.9836522340774536
0.9674369692802429
0.9876189827919006
0.3260643482208252
0.9934065937995911
0.9090908765792847
0.7209302186965942
0.9905482530593872
0.6923941969871521
0.8280291557312012
0.9486925601959229
0.9897161722183228
0.8607595562934875
0.7443902492523193
0.9525942206382751
0.9817900061607361
0.9865930676460266
0.6965517401695251
0.9949053525924683
0.9704890251159668
0.98562091588974
0.990418553352356
0.9928541779518127
0.9819945096969604
0.9931245446205139
0.9841362833976746
0.9877579808235168
0.9855169653892517
0.9608080983161926
0.9894313216209412
0.9872944951057434
0.9846274852752686
0.9883630275726318
0.9821673631668091
0.5369230508804321
0.6436862349510193
0.9706074595451355
0.9851552248001099
0.9863454103469849
0.9843342900276184
0.5886379480361938
0.9818670153617859
0.8763747811317444
0.9734904170036316
0.9818779826164246
0.9741416573524475
0.9814200401306152
0.9902492165565491
0.9760850071907043
0.9875518679618835
0.9784525036811829
0.9864768385887146
0.9880398511886597
0.9857697486877441
0.738415539264679
0.9864029884338379
0.986091136932373
0.9143040776252747
0.11737452447414398
0.9867158532142639
0.9704829454421997
0.94475919008255
0.9884489178657532
0.795807957649231
0.983171820640564
0.9873664379119873
0.773378312587738
0.9889065027236938
0.9830508232116699
0.9829280972480774
0.7282965779304504
0.6343382000923157
0.992548406124115
0.818677544593811
0.9835183024406433
0.9241326451301575
0.9908814430236816
0.9821215867996216
0.6428571343421936
0.9843350648880005
0.6992481350898743
0.46328672766685486
0.5689468383789062
0.9954926371574402
0.9539576172828674
0.9753649830818176
0.9898088574409485
0.9886496663093567
0.9893092513084412
0.8115245699882507
0.9264202117919922
0.9879052042961121
0.9871383309364319
0.9741140007972717
0.9893507957458496
0.64080810546875
0.9129341244697571
0.9908842444419861
0.9560266137123108
0.9924670457839966
0.9856595993041992
0.8416796326637268
0.932818591594696
0.9680606126785278
0.981698751449585
0.9814432859420776
0.671256422996521
0.8058103919029236
0.842746376991272
0.986369252204895
0.9851988554000854
0.9511926770210266
0.9847639799118042
0.8854748010635376
0.9863294959068298
0.9563175439834595
0.9281867146492004
0.9887416362762451
0.6836735010147095
0.8236106634140015
0.8426179885864258
0.7744807600975037
0.9814324378967285
0.9885569214820862
0.987259030342102
0.9830794930458069
0.6929348111152649
0.9741582274436951
0.9707792401313782
0.979790985584259
0.9787726402282715
0.9778672456741333
0.9847866892814636
0.6824529767036438
0.8824012875556946
0.9873244166374207
0.9890859723091125
0.9698209762573242
0.8246862888336182
0.9619992971420288
0.9809809327125549
0.7233871221542358
0.5724599957466125
0.9732400178909302
0.8440994024276733
0.9825894236564636
0.9718649983406067
0.9748083353042603
0.9558117389678955
0.9907407164573669
0.8561193346977234
0.984977662563324
0.9819025993347168
0.9871741533279419
0.9858127236366272
0.9770992398262024
0.9877378344535828
0.7654394507408142
0.990833044052124
0.9791452288627625
0.9840953946113586
0.9866341948509216
0.9865053296089172
0.982109785079956
0.9798136949539185
0.9273858666419983
0.5905612111091614
0.988135576248169
0.9871086478233337
0.6081081628799438
0.5716363191604614
0.9908257126808167
0.9749131202697754
0.8940774202346802
0.8243108987808228
0.9877369403839111
0.6264150738716125
0.991829514503479
0.9860997796058655
0.8218151330947876
0.9902979731559753
0.9887410402297974
0.9866788983345032
0.9857200980186462
0.9792802929878235
0.9582504034042358
0.9729556441307068
0.6939849257469177
0.9823861718177795
0.9021006226539612
0.9928826093673706
0.9843614101409912
0.7590672969818115
0.6445155739784241
0.9918319582939148
0.9856144785881042
0.9901207685470581
0.9871382117271423
0.9876053333282471
0.7843726873397827
0.9635653495788574
0.8121254444122314
0.9821428060531616
0.9865690469741821
0.9914275407791138
0.9893563389778137
0.6405276656150818
0.9852755665779114
0.9899896383285522
0.9873417615890503
0.9874476790428162
0.9810938239097595
0.9907407164573669
0.9752475023269653
0.9840516448020935
0.9714512228965759
0.9932991862297058
0.9565652012825012
0.9900743961334229
0.9905604124069214
0.9614449143409729
0.9832584261894226
0.9866399168968201
0.938960075378418
0.8659340739250183
0.9901083707809448
0.9820568561553955
0.9773070216178894
0.9837837219238281
0.9899201393127441
0.9930070042610168
0.9797941446304321
0.9846044182777405
0.9408702254295349
0.7783661484718323
0.9861714839935303
0.9868955612182617
0.9431818723678589
0.916538655757904
0.9717241525650024
0.9415416121482849
0.9770264029502869
0.9841827750205994
0.8125793933868408
0.7989706993103027
0.980728030204773
0.8839952349662781
0.9440789222717285
0.9875680208206177
0.8206223845481873
0.7736585140228271
0.9803655743598938
0.6779887080192566
0.9866474270820618
0.9905720353126526
0.6471278071403503
0.8720100522041321
0.9798270463943481
0.8452115058898926
0.9679144024848938
0.8129637241363525
0.9874238967895508
0.992790937423706
0.48918354511260986
0.9877232313156128
0.9771733283996582
0.6116951704025269
0.9892473816871643
0.982752799987793
0.9744244813919067
0.985370934009552
0.9855669736862183
0.9815692901611328
0.9865825176239014
0.9846811890602112
0.6135168075561523
0.9851269125938416
0.9851000308990479
0.744936466217041
0.9862300753593445
0.9865102767944336
0.7994956374168396
0.7817034721374512
0.9927007555961609
0.6062992215156555
0.9722322821617126
0.9835845232009888
0.9889429807662964
0.9849372506141663
0.9900743961334229
0.9748685359954834
0.9542974233627319
0.9785169959068298
0.9789413809776306
0.8356688618659973
0.9895923733711243
0.9736117124557495
0.974090039730072
0.988879382610321
0.9916084408760071
0.9855465292930603
0.7841328382492065
0.47928330302238464
0.9886887073516846
0.6672347784042358
0.9869545102119446
0.8001236915588379
0.9788408279418945
0.9919999837875366
0.8263763189315796
0.9208211302757263
0.9866282343864441
0.9811320304870605
0.5633803009986877
0.9140461087226868
0.9808295369148254
0.951593816280365
0.9901589751243591
0.9906612038612366
0.9765839576721191
0.9855612516403198
0.9839181303977966
0.987243115901947
0.6543262600898743
0.9827387928962708
0.7592751979827881
0.8223018646240234
0.9793728590011597
0.9939332604408264
0.431659072637558
0.6967436075210571
0.9831546545028687
0.9852940440177917
0.6480774879455566
0.9864292144775391
0.7977567315101624
0.981679379940033
0.8021001815795898
0.9657853245735168
0.986146092414856
0.9657965898513794
0.9818893671035767
0.9574309587478638
0.9825620651245117
0.9868578910827637
0.8187089562416077
0.9834619760513306
0.9774669408798218
0.9950668811798096
0.7652733325958252
0.10737735778093338
0.977241039276123
0.9798061847686768
0.9915357232093811
0.9890023469924927
0.9908838868141174
0.9958634376525879
0.9942856431007385
0.9919594526290894
0.9802214503288269
0.9718120694160461
0.851980984210968
0.9767297506332397
0.8476331233978271
0.876178503036499
0.9719690084457397
0.4550686180591583
0.8963503241539001
0.9886178970336914
0.9864723682403564
0.9749600887298584
0.9197288751602173
0.9868324995040894
0.7906082272529602
0.9839048385620117
0.9834054708480835
0.9855421781539917
0.9656150341033936
0.6843879222869873
0.9896907210350037
0.9483315348625183
0.9930005073547363
0.9937469363212585
0.9891085028648376
0.9900199174880981
0.9893373847007751
0.8950843811035156
0.9908735752105713
0.9931864142417908
0.989326536655426
0.6983391642570496
0.8159700036048889
0.9863829016685486
0.8216560482978821
0.9334787130355835
0.6618123650550842
0.9727126359939575
0.7261306643486023
0.8222697973251343
0.9813535809516907
0.9889751076698303
0.9869307279586792
0.9710586071014404
0.9441931247711182
0.9779224991798401
0.991574764251709
0.7551020383834839
0.9891411662101746
0.9540441036224365
0.9278652667999268
0.9936421513557434
0.8508670330047607
0.5525000095367432
0.9904552102088928
0.6004565954208374
0.9905695915222168
0.9856495261192322
0.8194878101348877
0.9893993139266968
0.9392220973968506
0.6671181917190552
0.9923869371414185
0.9096286296844482
0.9879518151283264
0.9849246144294739
0.9896497130393982
0.9491525888442993
0.9867767691612244
0.9759876132011414
0.9931368827819824
0.9147286415100098
0.9683846235275269
0.9873417615890503
0.9905519485473633
0.8131952881813049
0.9734513759613037
0.9843958616256714
0.9838957190513611
0.9810845255851746
0.6347305178642273
0.9948393106460571
0.6535130143165588
0.9912779331207275
0.9832181334495544
0.9606810212135315
0.8325732946395874
0.9918636679649353
0.9816815853118896
0.9738588333129883
0.282762348651886
0.9928876161575317
0.9446991086006165
0.9121338725090027
0.8309236168861389
0.9804559946060181
0.9921506643295288
0.6669619083404541
0.9798917770385742
0.9713844656944275
0.8392089009284973
0.9686354994773865
0.9540727734565735
0.9908676147460938
0.9886792898178101
0.9889899492263794
0.8804975152015686
0.9883933663368225
0.9898868799209595
0.8287292718887329
0.9102792143821716
0.9744616746902466
0.9932938814163208
0.9927563667297363
0.9860031008720398
0.9896632432937622
0.9860548377037048
0.988926351070404
0.9757158160209656
0.9405444860458374
0.9654450416564941
0.5978947877883911
0.9811469912528992
0.6484174728393555
0.9771760702133179
0.9880113005638123
0.6294978260993958
0.9818342924118042
0.685055136680603
0.9850746989250183
0.3344334661960602
0.9102222323417664
0.9595485329627991
0.9911564588546753
0.971222996711731
0.9763498306274414
0.9872376322746277
0.9755268692970276
0.9752366542816162
0.981179416179657
0.9840283989906311
0.7953171730041504
0.5407854914665222
0.9713589549064636
0.8476903438568115
0.9735682606697083
0.9809335470199585
0.46088796854019165
0.9899097084999084
0.9893966913223267
0.9802371263504028
0.983222484588623
0.6669394373893738
0.6896551847457886
0.7807949185371399
0.982894778251648
0.9872121810913086
0.8665325045585632
0.8941322565078735
0.3156486749649048
0.9815195202827454
0.985084056854248
0.993704617023468
0.9901495575904846
0.9905601739883423
0.9890044331550598
0.9753801226615906
0.9810964465141296
0.9691526889801025
0.7163636088371277
0.82650226354599
0.9737161993980408
0.9812909364700317
0.9848341345787048
0.6713343858718872
0.2840277850627899
0.9641330242156982
0.980363667011261
0.9796854853630066
0.9793057441711426
0.9834112524986267
0.9691630005836487
0.9772650599479675
0.9814041256904602
0.9877551198005676
0.9847793579101562
0.705642819404602
0.5102996230125427
0.8235623836517334
0.9819375872612
0.5745328068733215
0.984886646270752
0.9917877316474915
0.9127225279808044
0.9772911071777344
0.981010377407074
0.5790629982948303
0.930276095867157
0.7922272086143494
0.8027268648147583
0.619966447353363
0.5200000405311584
0.9466216564178467
0.9889994859695435
0.9800711274147034
0.7143974900245667
0.9840997457504272
0.7746478915214539
0.8836592435836792
0.9788235425949097
0.3465346693992615
0.5794256329536438
0.9824562072753906
0.9858413338661194
0.9854779243469238
0.9940310716629028
0.9877551198005676
0.9680265188217163
0.6487376093864441
0.9864751100540161
0.9873418211936951
0.9805486798286438
0.9719753861427307
0.6308457851409912
0.9024943709373474
0.9672189354896545
0.9868470430374146
0.96588134765625
0.862644374370575
0.8054196834564209
0.9769490957260132
0.8843322992324829
0.8040000200271606
0.9868496060371399
0.9850419759750366
0.9871208667755127
0.9940696954727173
0.9772079586982727
0.9865861535072327
0.5698680281639099
0.7842124700546265
0.9786937236785889
0.9465968608856201
0.9816418290138245
0.9798951148986816
0.9774605631828308
0.9900754690170288
0.7367415428161621
0.8967136144638062
0.9893238544464111
0.9859035015106201
0.9917032122612
0.9661538600921631
0.9857091307640076
0.9777424335479736
0.9896818399429321
0.9927119016647339
0.7889161109924316
0.9899207949638367
0.9859791994094849
0.9774683713912964
0.9775844216346741
0.9781780242919922
0.8568093180656433
0.9861352443695068
0.9833535552024841
0.9906458258628845
0.9860088229179382
0.9716867208480835
0.9821073412895203
0.9844774007797241
0.8535768389701843
0.9872269630432129
0.9916641116142273
0.8873542547225952
0.9070379734039307
0.9903169274330139
0.980988621711731
0.8503562808036804
0.9857819676399231
0.9866759777069092
0.9746136665344238
0.8439379930496216
0.9896306395530701
0.6784791946411133
0.9784172177314758
0.9892650842666626
0.7249190807342529
0.837689995765686
0.9844464659690857
0.9856303334236145
0.7746058702468872
0.9908332824707031
0.8376742005348206
0.8377811312675476
0.9718255400657654
0.9856495261192322
0.9778156876564026
0.7684294581413269
0.7976831197738647
0.7144708633422852
0.9864864945411682
0.9870705604553223
0.9881002306938171
0.9958974719047546
0.9851964712142944
0.983591616153717
0.9718909859657288
0.979714035987854
0.9898210763931274
0.9907407164573669
0.9730625748634338
0.8931713104248047
0.9910131096839905
0.8506263494491577
0.9793977737426758
0.9913259148597717
0.9896121621131897
0.9931185245513916
0.8323489427566528
0.9015334844589233
0.968548059463501
0.759584367275238
0.8761566281318665
0.6628289222717285
0.503333330154419
0.9927745461463928
0.9855453968048096
0.983932614326477
0.9903362989425659
0.9239766597747803
0.9900858998298645
0.9882245659828186
0.7418766021728516
0.9912281036376953
0.9889064431190491
0.9596942663192749
0.9820072054862976
0.5683741569519043
0.9828178286552429
0.45676276087760925
0.9895424246788025
0.9810785055160522
0.5641592741012573
0.800000011920929
0.9820737242698669
0.8710167407989502
0.9834482669830322
0.8777524828910828
0.8716397285461426
0.7282132506370544
0.8259740471839905
0.9893726706504822
0.9877651929855347
0.9886602163314819
0.9914675354957581
0.97172611951828
0.958536684513092
0.7362356185913086
0.9727810621261597
0.9861591458320618
0.993906557559967
0.6803387999534607
0.9438688158988953
0.8678749203681946
0.8223925828933716
0.8313634991645813
0.981647789478302
0.9798439741134644
0.9920819997787476
0.7903752326965332
0.9891205430030823
0.955374002456665
0.984904408454895
0.9503506422042847
0.9783806800842285
0.8416744470596313
0.9739688634872437
0.6104055643081665
0.989195704460144
0.9494012594223022
0.9869763851165771
0.9902534484863281
0.9903784394264221
0.9871897101402283
0.9738914370536804
0.9841270446777344
0.9908714294433594
0.9828693866729736
0.8785775899887085
0.9843153953552246
0.9795159101486206
0.5648042559623718
0.9670433402061462
0.811972439289093
0.6355394721031189
0.5410714149475098
0.35622507333755493
0.9881255030632019
0.751457691192627
0.9863448739051819
0.9759826064109802
0.9892380237579346
0.960617184638977
0.985148549079895
0.8269876837730408
0.9775328636169434
0.9656579494476318
0.9803760647773743
0.9289705157279968
0.7637109756469727
0.9818824529647827
0.6915795207023621
0.3996889591217041
0.9728285074234009
0.7475661039352417
0.9811980724334717
0.9945651888847351
0.9127979874610901
0.9519050717353821
0.9943128228187561
0.9839479327201843
0.9871686100959778
0.9864708185195923
0.981934130191803
0.9779600501060486
0.7404531240463257
0.9834307432174683
0.817009449005127
0.9811462759971619
0.9899449348449707
0.9944056272506714
0.9788936972618103
0.9931034445762634
0.9897660613059998
0.8664122223854065
0.778044581413269
0.7575591206550598
0.8855172395706177
0.9816676378250122
0.9893162250518799
0.30058321356773376
0.8548073768615723
0.9798783659934998
0.6731054782867432
0.9915817379951477
0.8921188712120056
0.9836315512657166
0.9850383996963501
0.9783999919891357
0.9470958113670349
0.5858433842658997
0.9864920377731323
0.9858323335647583
0.9760765433311462
0.9620141983032227
0.9860849976539612
0.9525676965713501
0.9884861707687378
0.9869173765182495
0.9854369163513184
0.9835538864135742
0.9807197451591492
0.9905411005020142
0.9876961708068848
0.9829867482185364
0.9809179902076721
0.9804124236106873
0.9675516486167908
0.8892127871513367
0.9882832169532776
0.9797665476799011
0.9942140579223633
0.9841063618659973
0.9865370392799377
0.964285671710968
0.9012115597724915
0.9870911836624146
0.9874870181083679
0.39558708667755127
0.9873520731925964
0.5363308191299438
0.6051321029663086
0.984222412109375
0.9021480083465576
0.9578143954277039
0.7343173623085022
0.9711769223213196
0.9696736335754395
0.8535246849060059
0.9322853684425354
0.9949964880943298
0.8252974152565002
0.6989374756813049
0.9909979701042175
0.985569953918457
0.9791239500045776
0.9044715762138367
0.8794078826904297
0.9908759593963623
0.9733164310455322
0.9897590279579163
0.8335896730422974
0.9896050095558167
0.9874517321586609
0.9868907332420349
0.6813187003135681
0.9744991064071655
0.9820437431335449
0.9831359386444092
0.9863917827606201
0.9840425252914429
0.98377525806427
0.48528042435646057
0.9381933212280273
0.9822624921798706
0.9871612191200256
0.9856661558151245
0.9777922630310059
0.9720062017440796
0.8802248239517212
0.9690805077552795
0.977056086063385
0.8704600930213928
0.40374788641929626
0.9843119978904724
0.9834375977516174
0.9832078218460083
0.9863598346710205
0.973533570766449
0.9886977672576904
0.9929162263870239
0.9922480583190918
0.9132909178733826
0.9828571677207947
0.9899082779884338
0.4797114133834839
0.9887217879295349
0.9931350350379944
0.9686411023139954
0.9808152914047241
0.9729300141334534
0.9755470156669617
0.7773411273956299
0.8428201675415039
0.984979510307312
0.9696092009544373
0.9376475214958191
0.9886363744735718
0.9860041737556458
0.4843592345714569
0.6460357904434204
0.9881869554519653
0.8930157423019409
0.980728030204773
0.9174778461456299
0.3673057556152344
0.9822486042976379
0.9823142886161804
0.9702343940734863
0.981083333492279
0.988567590713501
0.9837428331375122
0.9774109721183777
0.7147988677024841
0.9909090995788574
0.9827768802642822
0.9870647192001343
0.9745639562606812
0.9816879034042358
0.9872305989265442
0.9949748516082764
0.9840870499610901
0.6448717713356018
0.993783712387085
0.9866903424263
0.9785522818565369
0.9932301640510559
0.88413006067276
0.9793161153793335
0.8217213153839111
0.7536017894744873
0.9832199215888977
0.34649911522865295
0.9897681474685669
0.981555700302124
0.8195738792419434
0.9877836108207703
0.9846153259277344
0.9846826195716858
0.8172115087509155
0.9892183542251587
0.7018331289291382
0.5764657855033875
0.9805759787559509
0.9885245561599731
0.985401451587677
0.8398009538650513
0.983877956867218
0.9915189743041992
0.5398633480072021
0.9912463426589966
0.9790115356445312
0.9713904857635498
0.870829701423645
0.9929130673408508
0.9598650932312012
0.6444159150123596
0.5877280235290527
0.8912644982337952
0.993109405040741
0.9880998730659485
0.975421667098999
0.3122114837169647
0.9860419034957886
0.9884169697761536
0.9894179701805115
0.9868718385696411
0.9843104481697083
0.7142375707626343
0.5530520081520081
0.9871745109558105
0.19232290983200073
0.9884546995162964
0.9824561476707458
0.9791945219039917
0.900473952293396
0.3943217992782593
0.6322188377380371
0.9838840365409851
0.985709011554718
0.9883307814598083
0.9907284379005432
0.33795490860939026
0.9911146759986877
0.9850504994392395
0.6797115802764893
0.9920865893363953
0.9859699606895447
0.9816849827766418
0.9832071661949158
0.9941897988319397
0.9887640476226807
0.9823164939880371
0.6738768815994263
0.9176470637321472
0.6821192502975464
0.9900279641151428
0.9929025173187256
0.96980220079422
0.9509345889091492
0.9910960793495178
0.9737171530723572
0.9864041209220886
0.8047915101051331
0.7139959335327148
0.9777237772941589
0.8283049464225769
0.9890820980072021
0.9866572618484497
0.5996189713478088
0.9621244668960571
0.7914372682571411
0.9779286980628967
0.8077329397201538
0.7263906598091125
0.6322187781333923
0.9062002897262573
0.9798016548156738
0.9852725267410278
0.9930817484855652
0.9921104907989502
0.8293384313583374
0.9896907806396484
0.9911503791809082
0.9833487272262573
0.9691992402076721
0.6336774826049805
0.9758567214012146
0.9853126406669617
0.9899960160255432
0.9505247473716736
0.5672202706336975
0.8453433513641357
0.9843689799308777
0.9847844243049622
0.9740419983863831
0.8986666798591614
0.9857527613639832
0.4299212694168091
0.9956850409507751
0.961067795753479
0.7458770275115967
0.9804255366325378
0.5683296918869019
0.9834394454956055
0.9826254844665527
0.9943883419036865
0.9939182996749878
0.9874106645584106
0.9905695915222168
0.9898020625114441
0.9859238862991333
0.9756278395652771
0.9532006978988647
0.9754725098609924
0.7951903343200684
0.9889415502548218
0.9915696382522583
0.7872627973556519
0.9805615544319153
0.8405797481536865
0.31230172514915466
0.5781294107437134
0.6957132816314697
0.8951964974403381
0.9827281832695007
0.9801228642463684
0.9886406064033508
0.986136794090271
0.9859357476234436
0.9823570251464844
0.8226509690284729
0.6387208700180054
0.9446936249732971
0.9774330854415894
0.9796484708786011
0.9793662428855896
0.668009340763092
0.9772295951843262
0.9888641238212585
0.9823041558265686
0.5931118726730347
0.9675480723381042
0.9845933318138123
0.9860907793045044
0.7918822169303894
0.9834656715393066
0.9852451086044312
0.9850280284881592
0.9819755554199219
0.9883268475532532
0.9449045658111572
0.8368374109268188
0.9801552295684814
0.9841151833534241
0.9811977744102478
0.9895749688148499
0.991603434085846
0.6476121544837952
0.9768040776252747
0.9899846315383911
0.6669031381607056
0.79387366771698
0.9461929202079773
0.9652836918830872
0.983349621295929
0.9337297677993774
0.7263900637626648
0.9466168284416199
0.8204294443130493
0.9771754741668701
0.979099690914154
0.9820627570152283
0.9054151773452759
0.7677282691001892
0.9852295517921448
0.98699951171875
0.9773844480514526
0.676826536655426
0.2967398762702942
0.9909165501594543
0.9893078207969666
0.9852988123893738
0.9820788502693176
0.986678957939148
0.9521770477294922
0.978723406791687
0.9810412526130676
0.9768067598342896
0.9648000001907349
0.9883430600166321
0.9896801114082336
0.9866117238998413
0.984393835067749
0.7255520224571228
0.601533830165863
0.9793511033058167
0.9897292256355286
0.9898046255111694
0.976190447807312
0.7756686806678772
0.6621863842010498
0.8072425127029419
0.9785531759262085
0.9883673787117004
0.9896721839904785
0.9881889820098877
0.768153965473175
0.6867470145225525
0.5180806517601013
0.7662028670310974
0.9837678670883179
0.9843683838844299
0.9879517555236816
0.984817385673523
0.9790152311325073
0.862159788608551
0.9838040471076965
0.9812244772911072
0.9910233020782471
0.9841147065162659
0.9926756024360657
0.9710661768913269
0.7208253145217896
0.9857081174850464
0.9708663821220398
0.9882748126983643
0.987583577632904
0.9884332418441772
0.9832082390785217
0.9868995547294617
0.9834087491035461
0.9817842245101929
0.9850852489471436
0.7998363375663757
0.9870327115058899
0.9842192530632019
0.4690553843975067
0.9813886880874634
0.9912790060043335
0.7895927429199219
0.9860681295394897
0.983930766582489
0.9877656698226929
0.9859459400177002
0.9956374168395996
0.5453267693519592
0.8932726383209229
0.9744493365287781
0.9808061718940735
0.6633266806602478
0.6507142782211304
0.9685079455375671
0.9887204170227051
0.6181353330612183
0.8153374195098877
0.6560587882995605
0.9859251379966736
0.9847215414047241
0.979784369468689
0.9812988638877869
0.8497409224510193
0.8525798320770264
0.9903382062911987
0.9890329241752625
0.6815742254257202
0.9857205152511597
0.8294168710708618
0.9802631735801697
0.9869143962860107
0.9875457882881165
0.9805787205696106
0.0
0.779620885848999
0.9824753403663635
0.6100060343742371
0.9794420599937439
0.9769769906997681
0.5746084451675415
0.9853265285491943
0.9918283820152283
0.8115107417106628
0.38504379987716675
0.9818020462989807
0.7647461891174316
0.9878274202346802
0.9892949461936951
0.9767118096351624
0.9837426543235779
0.7568058371543884
0.9788340926170349
0.9863782525062561
0.9842554926872253
0.9915305972099304
0.9466531276702881
0.9897415041923523
0.9884664416313171
0.9910179376602173
0.8614800572395325
0.9887549877166748
0.9912373423576355
0.9941463470458984
0.9742629528045654
0.9911055564880371
0.9156521558761597
0.98509681224823
0.7469978928565979
0.993250846862793
0.9604076743125916
0.9814345836639404
0.9836770296096802
0.9867290258407593
0.8044742941856384
0.9879518151283264
0.992493748664856
0.9230769276618958
0.9730300903320312
0.9771380424499512
0.9871845245361328
0.9795022010803223
0.9913627505302429
0.9851484894752502
0.9819219708442688
0.23113659024238586
0.9891507625579834
0.963894248008728
0.8037676811218262
0.988132894039154
0.789903461933136
0.9530107975006104
0.9854621291160583
0.9666897654533386
0.9598246812820435
0.9914712309837341
0.8747742176055908
0.7613207101821899
0.9836066365242004
0.9798903465270996
0.6183310151100159
0.9691337943077087
0.813839852809906
0.9869338274002075
0.5927110314369202
0.7454267740249634
0.5965732336044312
0.9798864722251892
0.990114688873291
0.9692497849464417
0.9797909259796143
0.9938183426856995
0.8178520202636719
0.7112224698066711
0.9772951006889343
0.9701657295227051
0.9857651591300964
0.9888712763786316
0.9868810176849365
0.8250804543495178
0.7126895189285278
0.9879130721092224
0.6494367122650146
0.980109691619873
0.9778671860694885
0.9771862626075745
0.8135223984718323
0.8400412797927856
0.9858837127685547
0.9835165739059448
0.9911571741104126
0.9898166656494141
0.970087468624115
0.9880169630050659
0.9875652194023132
0.601178765296936
0.7663701772689819
0.8579409122467041
0.9840335845947266
0.9909273982048035
0.7979764342308044
0.9858078956604004
0.9829849600791931
0.9711178541183472
0.7573392987251282
0.9848171472549438
0.9717697501182556
0.6698943972587585
0.9802039265632629
0.9859719276428223
0.873958945274353
0.9538940191268921
0.7633477449417114
0.9160186648368835
0.9817258715629578
0.991411030292511
0.98196941614151
0.9827305674552917
0.9877395033836365
0.9624059796333313
0.9810875654220581
0.8465481400489807
0.9900426864624023
0.7477386593818665
0.9852710366249084
0.9915212392807007
0.9846281409263611
0.6423054337501526
0.9935430884361267
0.9734435677528381
0.9869090914726257
0.8448083400726318
0.42208370566368103
0.7008911967277527
0.991539716720581
0.9809412360191345
0.9732028841972351
0.9872123599052429
0.9865361452102661
0.8632251620292664
0.9866757392883301
0.8973357081413269
0.8129182457923889
0.9878844618797302
0.9837603569030762
0.9113841652870178
0.5386969447135925
0.8526758551597595
0.9918128252029419
0.9918220639228821
0.7665634751319885
0.9333333969116211
0.987154483795166
0.8536831140518188
0.9114155173301697
0.3006455600261688
0.9847020506858826
0.6092005372047424
0.9855327010154724
0.9379751682281494
0.8047512769699097
0.6600790619850159
0.8221691250801086
0.9886765480041504
0.6194690465927124
0.9843282699584961
0.8200942277908325
0.9842125177383423
0.9803922176361084
0.5222405195236206
0.9286245107650757
0.990561842918396
0.9847228527069092
0.8265871405601501
0.763668417930603
0.9815276861190796
0.9701685905456543
0.9877451658248901
0.9807433485984802
0.9869304299354553
0.9827772378921509
0.9614344239234924
0.9822039008140564
0.9839357137680054
0.8036006093025208
0.9698571562767029
0.9735957980155945
0.8118049502372742
0.8391061425209045
0.9920967221260071
0.9289711713790894
0.5536277890205383
0.9542084336280823
0.5975963473320007
0.9811320900917053
0.9695023894309998
0.9904665946960449
0.9610007405281067
0.9895446300506592
0.7353463768959045
0.8358537554740906
0.9813084006309509
0.9622387290000916
0.9506263732910156
0.9809831380844116
0.992968738079071
0.9566883444786072
0.9854558706283569
0.8722002506256104
0.9713115096092224
0.9904839992523193
0.9850746393203735
0.9811604619026184
0.904872477054596
0.9327830076217651
0.9753347635269165
0.823054313659668
0.9866451025009155
0.9899519681930542
0.9784120321273804
0.9862418174743652
0.8590293526649475
0.6949540972709656
0.8114333748817444
0.9844873547554016
0.9580167531967163
0.9832741618156433
0.9828269481658936
0.6579739451408386
0.9438202977180481
0.9904264807701111
0.8306606411933899
0.9846369028091431
0.31754541397094727
0.857304036617279
0.989835798740387
0.9696969985961914
0.9863813519477844
0.9448598027229309
0.8785219192504883
0.989130437374115
0.9912739992141724
0.9832689762115479
0.9897388219833374
0.7489441633224487
0.9929478168487549
0.6653981804847717
0.8126397132873535
0.9714285731315613
0.9779337644577026
0.800136387348175
0.9926692247390747
0.8835281729698181
0.9870327115058899
0.7871215343475342
0.9910104274749756
0.9697180986404419
0.699863612651825
0.8873780965805054
0.9920634627342224
0.8482303619384766
0.9713715314865112
0.30208954215049744
0.3714927136898041
0.9919028878211975
0.943105161190033
0.9862655401229858
0.9850845336914062
0.9871333241462708
0.9821428656578064
0.9830508828163147
0.9934741258621216
0.9881685376167297
0.6796875
0.6460211277008057
0.986151397228241
0.9815092086791992
0.928044319152832
0.8908830285072327
0.7460422515869141
0.9899880290031433
0.9856711626052856
0.6729252338409424
0.9758865833282471
0.9817427396774292
0.9931090474128723
0.982780396938324
0.9825034141540527
0.7642762660980225
0.9778911471366882
0.9837873578071594
0.9830282926559448
0.6584115624427795
0.9866939783096313
0.6591530442237854
0.6506717801094055
0.9726918935775757
0.7705156207084656
0.9895287752151489
0.994297981262207
0.975706934928894
0.7324658632278442
0.8769819736480713
0.8820666670799255
0.8466666340827942
0.9868074059486389
0.9867574572563171
0.4904792904853821
0.986522912979126
0.8627095222473145
0.9885268807411194
0.9229878187179565
0.679205060005188
0.9890411496162415
0.8574931025505066
0.8568711280822754
0.9935935139656067
0.8582278490066528
0.9872415661811829
0.7428570985794067
0.9849727153778076
0.9506970047950745
0.827309250831604
0.9858965873718262
0.984977126121521
0.9804877638816833
0.9288256764411926
0.991472065448761
0.9789745211601257
0.9834895133972168
0.9920000433921814
0.9688321352005005
0.9836795330047607
0.9824561476707458
0.7155425548553467
0.9897413849830627
0.9822006821632385
0.9844820499420166
0.9885420799255371
0.9781954288482666
0.9860601425170898
0.9824418425559998
0.9878788590431213
0.9149773120880127
0.9928598403930664
0.9799270033836365
0.9800595045089722
0.9790492057800293
0.9882035851478577
0.8225806355476379
0.9906237721443176
0.5317028760910034
0.6411575078964233
0.9837201237678528
0.9846913814544678
0.9890815615653992
0.9866970777511597
0.6190475821495056
0.9907063841819763
0.9884117245674133
0.8357612490653992
0.975944995880127
0.7272726893424988
0.9916772842407227
0.9866869449615479
0.4039735198020935
0.9816922545433044
0.8901132345199585
0.9789251685142517
0.983025848865509
0.6654676198959351
0.9908376932144165
0.9812206029891968
0.9608810544013977
0.9908735156059265
0.970518946647644
0.9667345881462097
0.8372756242752075
0.968622088432312
0.7232682704925537
0.9918137788772583
0.988950252532959
0.6847026944160461
0.9019011855125427
0.9063239693641663
0.9965766668319702
0.987866997718811
0.9790115356445312
0.9554096460342407
0.6520445942878723
0.7388480305671692
0.9135709404945374
0.9853010773658752
0.9756097793579102
0.9827883243560791
0.8608582615852356
0.5697986483573914
0.9798657894134521
0.8914728760719299
0.9885057210922241
0.8637842535972595
0.9900596737861633
0.9877439737319946
0.986255407333374
0.6529411673545837
0.5939759016036987
0.9832061529159546
0.9794437885284424
0.669036865234375
0.9720966219902039
0.9939659833908081
0.9884711503982544
0.9924212098121643
0.805137574672699
0.9940641522407532
0.9478742480278015
0.9790066480636597
0.4860173761844635
0.7966011762619019
0.9030593037605286
0.983361005783081
0.9722478985786438
0.9868154525756836
0.9808084964752197
0.9862892627716064
0.8255372643470764
0.527845025062561
0.8511117100715637
0.9612600803375244
0.9795919060707092
0.9778105616569519
0.9895678162574768
0.9874558448791504
0.6142759323120117
0.51241135597229
